100
100
21.0451
18
34
24
67
73
46
41
95
92
30
27
0
54.7521
38
99
14
6
85
45
91
25
13
13
0
89.1654
89
91
24
22
24
97
64
37
61
56
73
29
0
6.7311
8
57
99
43
40
30
2
6
5
76
42
0
76.1139
35
83
51
52
94
36
20
57
65
84
0
38.5636
97
23
66
61
58
100
25
16
2
0
99.3124
16
33
41
27
78
96
47
98
38
0
78.5214
56
15
63
80
20
34
8
40
15
71
52
0
80.5366
44
13
78
23
13
62
61
32
71
0
48.0335
74
18
6
56
32
52
83
30
16
0
70.3649
54
19
62
81
46
56
61
15
58
95
99
0
25.6895
6
26
51
2
60
89
33
47
82
62
0
95.8535
16
17
58
50
50
74
38
66
63
51
64
0
77.9433
67
75
56
2
75
5
79
24
59
11
93
29
0
68.3185
41
6
75
61
21
5
87
74
41
77
0
97.6536
29
37
99
30
62
88
79
18
30
0
91.4895
87
96
41
75
61
80
24
65
6
42
0
29.7245
67
5
63
57
27
14
96
0
15.2481
69
91
63
44
96
94
43
7
4
71
0
90.3244
20
86
37
92
23
40
78
92
49
82
9
0
44.1735
12
67
81
22
27
63
50
21
16
68
77
0
1.6682
33
2
20
53
40
23
96
8
72
0
78.894
81
38
29
74
10
19
2
72
56
5
0
9.6604
49
46
40
52
5
97
38
97
91
86
6
0
0.6612
58
46
96
24
82
89
30
90
18
0
88.9793
37
97
77
91
20
73
53
38
71
74
69
68
0
29.0115
49
43
79
9
79
15
12
3
47
18
0
93.2682
52
35
78
88
93
11
73
100
0
94.7102
97
34
35
77
4
69
59
70
78
80
0
4.9749
19
32
41
96
82
49
20
77
11
32
0
16.22
54
87
2
41
33
91
21
17
56
31
30
0
20.3281
28
8
69
60
61
4
6
70
89
0
2.7628
100
55
30
10
33
27
93
34
12
1
0
78.7837
51
13
22
100
39
43
66
0
28.4996
92
70
83
47
45
98
10
12
50
0
47.7666
77
52
56
2
41
66
29
40
96
0
18.2234
21
29
25
49
47
8
39
86
77
58
1
0
22.0751
30
4
33
46
77
25
90
70
2
56
89
0
49.5924
95
4
10
33
24
50
65
77
41
87
40
0
0.496
61
60
9
92
49
66
90
22
0
25.9873
60
86
90
34
82
34
53
16
76
70
17
0
58.4522
21
75
14
81
23
22
88
19
93
59
50
0
69.1692
88
27
86
82
34
1
80
26
21
0
84.2145
60
29
69
28
41
95
91
59
4
25
54
64
0
48.8577
44
48
58
65
26
29
35
66
60
33
52
0
16.6683
22
85
97
40
43
12
17
67
71
92
0
93.8416
41
46
53
51
10
79
51
68
100
0
76.3691
49
96
99
32
25
40
76
41
88
9
0
30.1524
45
60
11
75
15
60
4
92
36
81
0
67.9375
100
47
19
54
68
73
99
93
0
90.993
89
40
30
32
5
9
66
97
69
29
97
25
0
34.356
47
27
7
38
9
71
72
37
67
0
49.7576
84
43
14
79
36
82
99
74
94
35
0
24.096
38
74
71
34
80
29
13
54
21
95
0
41.6428
37
74
76
74
32
72
99
50
80
5
65
0
71.7731
32
73
13
50
50
18
48
52
61
1
88
58
0
18.0825
91
57
100
7
35
14
62
34
73
14
0
60.4766
92
46
60
91
4
22
18
56
26
0
56.2294
11
73
64
12
94
54
85
94
46
71
0
99.1636
45
75
10
38
38
10
27
49
74
48
0
1.3129
41
78
83
76
78
27
65
5
13
45
0
96.5121
41
46
13
50
71
96
37
13
30
48
0
49.0158
60
69
12
83
95
26
43
76
43
0
57.6846
59
12
13
73
13
67
10
49
74
4
59
0
1.3377
82
12
5
4
51
17
33
3
65
62
33
0
20.4831
66
35
69
35
77
59
94
15
15
0
83.9193
65
63
62
7
31
8
45
68
55
0
40.4202
44
25
41
9
39
42
69
25
48
53
88
0
48.9675
59
6
49
98
85
24
53
85
6
0
58.9268
56
15
36
66
28
39
39
24
1
0
4.9567
83
87
86
15
43
48
82
56
19
99
0
89.5319
21
94
51
16
48
61
5
63
52
89
54
0
0.10694
58
88
37
52
48
79
10
70
0
54.655
49
7
21
59
56
14
1
22
41
1
0
39.1181
14
1
24
7
19
24
70
69
53
52
64
0
39.7319
50
83
50
11
16
35
40
40
7
56
2
0
1.0447
88
50
46
14
68
85
97
72
2
100
23
0
13.8273
25
1
15
64
26
4
13
61
81
1
0
2.6449
48
15
59
79
27
6
83
68
52
97
5
0
74.9817
56
97
26
3
81
86
19
43
7
36
54
0
25.6509
72
41
83
75
65
40
4
0
56.0154
89
85
84
57
75
86
17
23
21
80
9
0
7.1228
23
76
58
16
74
78
42
67
30
0
50.438
80
16
53
6
74
50
40
40
45
57
32
0
90.8666
65
21
9
41
9
70
21
97
85
33
0
77.4671
66
21
11
84
7
28
48
79
28
70
54
0
60.6531
28
85
47
2
60
46
42
48
94
82
50
0
75.3722
86
84
39
64
94
1
77
4
43
18
0
78.1016
10
9
69
86
72
99
79
55
61
23
0
3.9193
89
49
34
39
10
70
69
29
64
0
84.8713
1
16
15
57
72
79
34
41
23
68
0
30.8425
15
66
85
42
29
70
28
36
19
0
40.2307
1
27
71
80
84
88
40
48
21
47
28
0
97.9277
94
77
30
55
79
58
34
88
40
10
0
93.6677
19
100
56
7
31
2
65
58
100
0
8.6785
11
10
52
26
17
71
11
100
97
85
51
23
98
0
64.5728
91
51
78
56
89
87
90
1
92
0
10.3251
60
91
70
23
84
20
34
95
41
37
0
76.5968
4
99
42
49
21
76
64
78
100
0
95.6944
40
79
86
51
88
93
12
61
4
0
