20
40
38.3368
19
12
0
89.6733
1
16
0
47.0295
1
3
0
74.0617
19
18
0
46.7889
20
5
0
43.0138
15
2
0
92.13
11
15
0
87.8598
2
17
0
19.5247
10
5
0
92.0343
18
14
0
93.0307
12
13
0
20.1416
11
19
0
12.0097
3
4
0
50.0858
9
7
0
32.5201
13
20
0
43.6002
17
3
0
49.9143
16
3
0
56.3824
15
5
0
41.2066
13
11
0
45.8341
16
7
0
9.141
16
19
0
79.3848
7
17
0
43.0846
3
18
0
31.898
2
17
0
13.4057
2
2
0
77.3959
3
12
0
50.5561
2
16
0
53.9381
8
20
0
9.8716
13
20
0
17.8686
3
15
0
85.5623
16
4
0
84.1051
2
12
0
38.3171
18
6
0
48.9004
16
11
0
67.8914
5
2
0
47.2258
1
20
0
0.62537
12
1
0
94.2807
7
9
0
51.1379
15
3
0
16.8658
11
20
0
