250
500
69.2536
245
79
98
191
170
160
134
157
143
87
115
104
250
46
196
96
206
34
160
51
69
80
82
236
0
18.3309
48
120
31
225
149
24
97
161
108
63
134
117
207
74
95
231
119
22
96
75
181
28
160
28
199
0
31.2836
26
146
16
250
15
138
32
245
132
85
13
88
101
81
131
86
68
96
54
26
149
85
203
241
248
0
32.4574
250
197
171
88
146
145
18
93
92
244
49
106
128
208
77
51
138
206
151
124
0
4.5974
68
205
195
147
37
55
57
187
220
121
185
221
12
37
58
39
114
66
20
32
99
191
38
168
16
220
0
77.3554
41
105
218
249
15
223
137
143
239
15
55
60
108
126
138
31
227
53
169
203
157
175
141
0
96.8172
247
57
165
159
69
21
67
6
143
74
120
146
70
4
112
27
159
68
58
216
236
12
236
44
166
100
150
29
133
0
87.4654
182
108
5
113
108
237
233
170
89
153
181
147
77
220
190
162
192
94
227
116
99
193
10
49
97
99
0
57.9841
205
94
221
145
105
46
111
26
142
26
153
166
84
12
67
145
57
219
186
89
203
135
23
80
34
0
79.9079
167
219
12
130
223
119
19
85
147
87
94
177
155
51
130
185
119
200
51
178
123
194
216
23
87
40
0
64.493
157
250
224
183
132
91
205
66
117
172
210
245
12
42
106
98
210
88
145
157
73
1
130
214
216
226
50
0
78.6134
41
155
241
225
181
72
163
95
134
168
189
19
24
21
8
227
188
15
126
4
165
0
0.04259
226
88
12
158
10
24
80
79
71
29
88
69
128
194
21
132
225
40
30
235
101
144
77
58
133
1
0
57.5539
17
221
84
123
106
170
21
61
34
209
5
211
159
29
170
193
208
138
186
142
224
27
244
40
0
18.0963
244
167
138
175
142
13
49
178
128
89
129
54
136
49
222
46
110
110
78
51
4
204
92
196
176
32
0
33.1614
41
201
148
218
166
140
228
1
250
150
221
143
67
78
123
234
7
23
5
102
50
85
88
118
49
227
137
0
11.8461
218
84
127
64
22
224
249
136
239
244
101
18
67
31
82
186
220
85
79
110
109
229
39
0
60.3969
158
136
69
233
54
19
211
130
87
194
221
177
44
189
202
71
187
231
193
97
0
65.8568
19
249
169
157
112
57
186
66
237
16
125
89
74
173
27
18
29
57
218
144
109
224
93
45
0
47.8344
155
182
103
102
158
243
231
43
67
99
233
131
214
31
55
37
38
81
62
14
175
172
184
169
202
137
0
72.1807
56
88
250
217
74
118
115
155
44
231
203
39
12
247
169
244
208
118
220
83
49
5
113
241
249
178
0
45.5446
190
83
126
238
19
120
56
215
1
18
14
115
89
196
200
67
113
207
6
227
85
50
50
0
43.375
19
148
100
73
164
148
237
218
109
89
47
83
235
182
24
47
162
14
151
215
3
124
69
157
0
98.024
166
105
11
192
184
77
67
52
197
34
149
139
201
131
23
16
77
165
171
88
199
113
26
228
2
156
131
0
84.0166
79
181
12
245
184
84
29
58
224
230
149
226
192
45
102
203
178
128
67
223
78
16
5
161
162
232
0
91.1177
41
2
218
112
51
172
145
108
46
125
242
51
130
169
134
47
76
160
38
16
204
181
35
111
0
38.1402
109
233
157
22
137
124
226
114
144
1
210
224
44
57
250
144
230
12
163
28
12
55
0
84.769
135
246
243
92
113
247
154
160
100
148
179
67
69
215
56
56
241
182
198
41
44
79
161
227
43
123
213
0
41.375
97
197
105
242
153
90
220
167
12
51
38
99
43
197
245
230
12
0
80.0577
224
151
179
48
16
81
17
237
115
135
193
166
130
134
167
87
4
8
28
209
208
142
157
238
4
0
84.2013
4
26
40
231
200
71
44
250
225
86
57
216
121
89
46
238
76
160
228
169
78
165
17
127
244
44
0
14.1961
176
58
154
124
208
83
178
10
188
191
59
247
48
16
160
239
234
188
81
200
17
145
28
188
135
84
119
165
67
24
0
43.0868
179
240
56
213
148
65
105
150
233
194
218
153
14
213
135
111
75
37
10
149
131
4
231
126
179
183
0
15.0472
5
90
37
180
119
8
190
207
21
224
222
175
23
194
214
183
139
3
95
7
26
228
230
52
158
240
153
230
0
31.4533
3
92
58
178
208
146
149
152
200
70
122
41
181
9
223
105
1
158
67
110
241
47
90
75
0
78.2103
183
142
124
170
103
124
76
55
153
121
19
221
62
102
239
183
35
12
144
242
16
58
101
192
38
125
194
0
90.4941
75
176
162
225
153
88
138
142
32
168
229
163
52
20
124
159
233
68
143
196
250
0
51.2687
134
171
47
51
188
177
142
12
167
221
57
74
1
196
248
201
157
47
203
99
160
13
50
18
0
18.1556
118
53
15
15
19
166
78
173
218
60
96
62
179
155
145
82
122
99
45
176
88
166
191
112
239
86
220
102
0
79.9387
8
33
1
113
55
241
216
132
73
152
18
232
204
91
164
142
185
88
45
108
73
163
211
134
0
24.6002
209
172
213
144
183
216
110
161
106
159
188
99
6
90
12
150
236
118
133
113
209
181
143
130
147
6
242
17
0
27.428
203
47
17
183
242
116
60
237
157
220
47
60
189
210
150
214
40
6
84
222
203
102
10
173
0
85.1099
174
109
59
102
87
233
4
199
229
229
224
104
214
90
44
33
205
226
59
42
89
210
81
162
60
108
15
194
0
23.8505
63
174
226
248
73
129
136
243
93
33
110
228
154
26
218
71
154
121
104
128
224
15
41
148
9
241
0
84.772
61
57
2
194
108
176
92
183
195
98
110
101
227
236
171
41
170
178
99
4
21
129
69
13
0
77.2673
240
29
131
162
166
155
190
82
50
14
29
44
170
124
35
215
45
201
126
152
36
32
0
9.8882
127
219
112
175
187
192
205
97
136
218
129
77
175
84
141
78
108
164
239
39
157
108
0
3.3367
69
90
226
79
7
163
161
173
147
245
46
15
62
225
38
95
117
106
14
205
234
220
83
0
29.0955
76
117
170
49
211
201
1
21
68
236
44
131
67
195
187
199
172
186
60
95
144
44
21
242
93
146
0
44.5093
234
98
77
170
49
18
151
111
133
83
82
81
213
77
209
135
203
100
128
207
77
240
45
216
0
3.7729
231
16
119
155
60
186
54
197
215
99
224
31
68
34
52
198
246
92
74
169
214
109
80
239
37
58
178
0
82.1538
199
156
109
152
223
138
41
111
57
49
149
201
204
59
82
11
91
229
5
191
212
76
198
214
0
88.2768
84
112
11
3
151
218
28
6
15
206
247
174
46
126
203
103
74
75
9
4
128
123
0
6.0892
135
179
71
85
244
129
181
207
114
20
35
57
46
72
141
35
245
13
137
163
87
192
78
23
99
164
45
0
30.9443
35
49
167
202
165
203
59
47
234
142
215
31
16
104
115
43
30
127
97
194
43
47
205
174
176
0
99.8707
191
170
229
8
16
200
138
86
165
136
229
41
135
183
36
120
52
227
102
156
199
196
238
106
0
12.0467
28
177
39
94
118
80
22
141
189
231
105
136
185
11
24
213
49
15
52
70
58
176
201
151
64
204
0
64.7013
167
72
113
221
154
238
132
98
105
37
218
186
233
63
8
134
174
121
68
243
231
243
19
58
193
0
75.4695
206
6
77
245
156
206
235
230
57
128
123
159
109
91
24
76
104
198
153
54
126
211
195
116
153
0
83.2807
135
3
54
186
52
90
198
131
81
233
153
59
169
143
16
151
72
24
215
70
84
47
186
74
243
34
249
68
0
21.0249
142
23
113
211
193
68
198
134
30
89
130
80
230
30
174
89
196
177
16
129
31
176
108
129
242
0
58.3934
46
136
156
79
93
137
62
102
214
33
31
171
204
74
25
86
67
95
9
236
244
9
104
156
0
2.7632
159
21
145
198
54
223
217
171
113
53
226
186
40
112
162
85
17
109
122
91
248
136
197
108
95
0
29.7296
60
152
181
145
210
108
52
215
85
164
44
15
27
26
200
101
20
95
220
187
194
1
161
191
68
0
18.269
97
7
64
208
241
88
168
47
227
109
212
3
242
69
122
181
204
77
31
223
130
167
30
0
25.0445
65
5
82
104
55
206
82
236
85
120
64
65
80
3
190
121
52
96
26
213
139
237
56
215
165
194
0
67.2459
156
226
203
242
18
86
213
236
160
70
217
44
235
132
31
145
3
98
43
102
222
165
231
20
49
145
147
133
0
72.4758
139
221
185
204
229
14
97
191
1
63
46
55
246
142
167
230
52
62
29
203
7
137
187
90
0
14.1184
144
20
110
89
80
8
32
125
115
219
106
170
208
111
131
127
223
158
177
55
175
237
122
86
0
16.0003
24
181
51
223
19
104
35
226
192
148
68
177
136
105
212
140
191
200
47
219
97
55
243
0
93.06
10
86
47
84
164
150
120
231
43
136
91
118
171
24
85
179
100
71
37
70
120
61
113
70
160
18
0
55.827
167
31
154
96
31
152
61
43
178
73
33
43
184
175
89
206
17
203
17
231
116
113
0
71.9257
13
125
93
13
246
1
94
13
58
166
61
189
249
69
225
1
9
86
180
222
108
29
247
166
191
89
167
0
19.8027
29
7
82
249
98
66
183
19
66
133
242
102
9
198
69
216
184
171
205
25
178
38
2
221
194
0
99.8179
191
68
66
116
116
250
105
122
80
15
178
21
188
192
25
49
247
70
146
190
161
0
71.3223
195
126
97
246
229
4
104
206
186
77
202
40
121
11
98
218
177
43
35
7
212
223
50
31
186
161
33
202
222
0
83.2884
193
151
215
239
95
94
165
107
180
127
229
219
122
148
72
4
44
38
102
78
245
166
158
198
175
39
122
135
230
70
0
2.6996
221
105
51
30
169
240
223
31
60
128
96
88
220
100
132
60
108
168
4
14
7
46
70
235
0
36.9324
64
203
119
184
27
40
241
199
63
54
160
208
98
223
122
30
79
90
105
149
67
146
0
27.5478
13
82
1
110
69
200
1
152
18
126
76
109
103
233
140
66
133
34
47
23
168
134
123
41
108
0
36.4796
28
88
1
68
53
27
122
86
97
153
73
66
35
230
159
191
67
157
155
231
137
10
38
0
53.8827
227
199
73
108
62
136
67
208
76
50
154
119
134
162
126
221
81
71
133
235
74
197
246
196
215
179
0
13.314
223
182
243
119
65
106
139
183
93
206
224
140
131
190
5
178
21
172
91
164
115
180
195
240
96
0
99.2622
220
155
70
241
210
56
119
3
179
84
244
132
180
245
210
95
199
172
37
155
132
105
217
69
0
19.4967
134
124
113
174
111
24
249
62
148
116
75
216
241
199
245
180
213
86
229
151
245
133
236
0
91.7629
164
113
235
26
180
24
219
6
105
207
48
72
25
26
219
56
219
135
55
203
100
247
28
171
161
201
0
99.349
136
185
58
16
23
143
236
17
222
121
104
95
67
135
6
24
143
111
160
48
99
87
88
0
71.3948
181
152
59
35
237
72
167
38
149
188
53
17
14
164
84
247
227
176
104
177
103
44
36
131
31
166
220
196
0
31.9586
205
124
80
230
79
98
132
204
109
132
20
19
229
240
46
189
136
13
233
66
29
97
41
216
207
164
84
24
45
0
84.3653
65
138
13
215
41
70
90
27
149
175
225
178
113
247
1
139
231
44
68
62
200
106
71
15
236
0
0.22674
39
106
192
76
41
145
124
143
177
167
108
199
134
68
33
12
54
156
60
126
76
202
222
216
56
66
0
57.9718
219
139
102
161
150
226
196
71
116
100
72
62
193
209
101
2
217
208
87
165
149
77
0
67.383
33
96
2
12
120
90
114
208
167
79
104
58
68
120
176
209
39
106
135
18
26
14
30
32
214
45
196
0
31.2459
2
134
19
242
144
50
232
249
225
240
50
175
159
107
85
99
25
205
77
131
111
118
233
0
80.7883
77
52
214
248
52
74
119
20
239
80
26
154
100
8
142
170
206
176
39
137
50
156
51
151
163
178
247
184
0
90.3616
144
157
131
214
88
227
230
40
90
244
182
241
13
102
230
7
87
202
75
195
234
221
97
187
218
68
0
67.1732
190
116
68
51
211
145
114
248
57
187
175
207
146
180
214
159
128
218
200
108
158
201
0
17.1821
181
135
102
62
168
93
18
122
214
178
56
151
222
147
64
143
2
163
238
26
37
0
81.5116
48
178
148
241
154
200
136
30
121
83
23
136
26
52
237
42
179
73
128
10
68
71
136
91
127
75
0
45.6014
36
180
242
230
102
118
48
75
203
36
129
66
242
128
69
29
3
189
154
27
45
114
127
0
28.8263
111
155
209
20
98
134
4
108
162
103
10
143
250
223
8
179
52
14
154
241
72
128
4
122
0
37.2666
62
204
149
27
107
198
66
33
99
69
141
116
110
189
180
40
129
208
19
148
83
2
175
188
156
183
206
176
117
0
74.1871
94
96
140
70
58
204
90
60
92
85
208
200
138
118
112
185
161
100
193
8
84
15
212
225
57
214
12
198
0
20.3666
238
178
150
173
80
102
44
80
39
113
16
23
19
197
14
52
168
238
107
100
232
49
25
163
219
33
11
0
59.3162
159
174
92
163
8
163
43
98
167
237
222
240
165
70
68
95
103
195
103
137
90
93
239
50
0
82.9029
14
201
76
66
237
10
139
230
125
117
41
182
82
218
124
64
82
183
55
204
247
29
202
41
234
224
0
41.4992
106
6
205
33
244
127
1
105
143
103
226
122
157
139
141
246
8
112
14
141
53
180
28
70
1
191
0
7.9898
202
239
151
6
196
71
11
6
6
237
206
128
78
222
224
198
152
193
83
151
177
199
216
79
138
127
12
6
0
91.1359
199
11
78
142
64
2
37
213
233
242
81
69
212
156
93
138
107
5
192
204
173
77
219
121
132
38
204
0
81.0232
104
242
28
74
210
64
53
46
213
209
48
183
230
95
42
238
169
101
157
83
47
207
196
0
22.43
64
211
23
218
6
209
89
63
2
143
132
223
165
236
133
174
90
74
113
210
146
49
157
9
215
186
113
0
86.3166
143
81
243
107
9
236
114
100
207
139
168
88
61
187
8
44
183
112
48
195
195
196
79
219
232
227
0
63.0723
203
191
45
43
85
169
143
55
91
24
205
132
81
226
205
145
229
175
230
44
243
10
213
177
0
2.5742
31
235
59
34
181
83
26
56
194
118
29
82
221
176
46
41
90
29
58
249
185
0
58.5771
10
84
242
36
35
161
206
44
207
62
213
106
27
87
44
35
42
48
152
153
217
209
136
232
52
0
3.188
250
236
12
102
4
66
98
129
42
65
224
244
9
250
114
70
197
31
239
40
143
195
130
5
123
121
0
15.5109
162
241
32
193
153
243
227
199
32
200
33
203
176
170
170
238
123
123
207
2
29
220
42
108
190
188
52
203
12
0
38.9102
43
247
46
22
222
149
149
35
57
45
14
63
68
84
55
87
183
158
39
223
137
38
196
0
34.4494
72
172
250
72
190
227
235
228
145
124
70
87
175
92
129
210
84
228
169
242
34
130
219
240
135
59
129
226
0
30.7258
126
17
218
206
138
121
197
30
229
21
31
183
106
209
18
244
199
223
219
98
12
48
28
115
125
0
22.8351
129
232
70
117
137
17
104
176
198
33
89
102
13
206
110
224
197
199
103
7
228
65
169
99
77
0
60.1022
5
20
169
35
33
151
240
56
171
156
88
1
172
39
205
221
119
21
156
167
5
71
13
60
114
90
38
92
222
0
74.7578
55
185
54
55
235
215
51
76
114
140
159
88
184
9
204
96
27
206
146
128
53
141
197
188
157
166
61
13
0
0.22853
244
128
155
1
128
97
155
149
196
118
148
135
25
209
75
147
122
27
174
161
240
236
52
0
74.3874
11
98
243
165
73
141
56
83
20
197
65
110
14
105
90
57
125
50
77
212
226
184
112
142
192
168
0
66.9918
146
168
123
42
2
16
78
207
107
164
205
172
121
7
132
39
77
62
33
248
197
76
132
0
57.7482
55
8
16
167
22
226
206
111
58
19
166
154
209
9
194
97
51
19
53
145
197
4
221
143
0
49.4216
183
148
65
209
127
116
76
70
159
123
59
196
89
153
110
154
87
224
74
121
44
228
0
72.5373
9
62
2
172
149
44
8
175
207
201
231
3
211
104
21
28
94
198
159
97
183
125
181
91
69
0
11.0864
43
23
114
140
234
225
157
166
70
245
97
171
235
134
107
124
250
152
16
66
36
47
139
207
0
64.9979
194
139
213
94
228
195
201
94
83
104
50
144
128
208
89
18
146
155
114
149
127
19
33
224
0
30.0895
125
203
60
124
159
224
165
82
79
68
37
57
56
138
223
87
141
65
83
172
45
200
40
172
242
101
0
75.6188
236
76
133
231
25
207
171
77
138
146
96
82
14
99
146
54
104
241
191
168
101
164
244
86
144
117
62
106
0
62.6603
24
194
246
186
104
135
246
106
198
246
154
91
143
56
92
91
16
169
189
181
66
242
40
37
118
139
46
0
61.3656
72
6
248
30
171
188
118
5
21
27
3
89
48
98
187
227
12
58
150
162
50
178
0
83.7008
165
201
20
66
244
58
155
42
101
64
27
25
92
58
98
120
83
26
208
143
186
11
211
84
0
49.9812
117
49
158
242
185
155
160
144
31
146
151
145
94
215
192
98
142
241
168
157
140
243
1
222
159
92
131
208
243
0
34.9399
249
51
128
215
229
25
50
51
110
216
71
168
49
95
148
185
47
182
137
205
245
200
143
250
70
125
0
65.3785
140
166
67
216
11
241
117
227
18
247
116
145
105
235
72
247
241
8
198
58
7
135
98
221
49
0
10.9617
144
198
78
178
223
38
66
44
228
219
205
143
163
130
58
202
240
127
122
193
190
111
0
38.4899
50
42
22
127
202
57
27
12
183
110
188
76
233
234
209
74
237
63
38
87
150
31
223
190
168
234
0
79.9747
197
168
125
7
120
59
148
248
124
233
149
5
164
227
27
244
53
247
185
55
54
198
206
0
36.0897
106
225
115
51
40
131
78
203
115
131
97
93
215
152
239
214
148
71
175
207
115
65
133
40
0
59.3256
94
213
152
87
210
76
194
92
22
167
246
240
96
93
89
216
105
229
168
145
247
246
112
221
0
57.5329
51
133
230
191
154
68
171
96
75
242
177
226
28
80
121
156
242
147
107
244
182
66
195
144
36
92
0
8.8951
11
223
106
13
130
179
68
181
160
140
2
205
47
177
237
62
45
25
123
176
105
84
147
98
176
88
180
0
9.3305
209
236
13
127
223
74
232
108
67
93
193
134
237
244
220
192
115
196
118
50
167
24
169
186
18
0
20.6545
61
249
90
55
44
97
98
80
235
77
106
46
124
235
175
87
69
106
224
49
31
249
43
197
31
133
204
221
0
90.7482
56
197
72
76
89
157
239
43
244
187
207
92
83
110
137
77
65
208
137
134
57
11
118
90
23
54
0
64.7812
33
170
68
85
230
11
38
55
16
110
103
237
88
59
248
235
116
70
34
117
23
245
50
194
99
210
0
97.336
243
146
204
5
184
157
202
62
230
188
116
138
108
115
31
20
159
94
206
132
24
148
53
166
183
39
226
192
209
0
0.0071328
205
204
245
236
166
41
106
218
120
136
191
35
114
211
154
243
233
59
215
52
173
57
36
80
145
35
0
33.308
228
164
112
236
48
46
55
146
131
144
55
90
58
108
149
153
246
91
192
205
5
152
239
0
80.8646
2
117
10
171
249
108
48
46
116
42
9
155
77
150
77
143
219
100
12
49
33
146
177
3
0
92.7751
243
165
38
197
165
118
5
60
240
62
121
192
76
42
117
250
105
98
58
57
108
151
96
147
0
73.9365
11
79
6
67
79
70
191
123
165
102
47
11
116
195
71
239
225
97
66
91
245
199
193
132
246
192
168
218
0
59.3343
212
142
24
142
146
40
234
4
227
92
116
219
59
7
40
108
79
166
241
21
218
48
152
75
0
7.5583
147
114
52
73
189
232
156
203
145
15
82
219
79
243
171
139
102
234
60
41
177
220
26
196
215
7
3
206
0
81.3834
165
29
216
63
50
46
64
46
238
29
220
148
242
17
115
225
64
183
168
219
70
229
111
118
14
0
71.2863
32
176
45
64
93
120
122
84
139
194
14
77
63
177
233
39
153
200
248
125
206
245
237
55
26
88
50
0
78.5641
39
135
234
90
146
199
21
112
61
29
175
140
151
249
50
5
186
104
130
159
223
70
134
197
18
229
0
85.9442
21
190
52
47
18
167
187
47
157
238
170
172
72
25
125
130
115
40
249
50
2
93
207
239
0
72.7055
122
120
222
17
203
30
245
106
69
71
108
16
143
142
224
20
177
46
82
111
81
224
119
159
171
215
0
80.8746
48
233
38
54
122
85
133
71
245
21
211
43
58
129
185
103
83
70
83
91
188
200
118
0
93.4263
181
114
29
239
154
249
50
124
207
219
32
190
155
57
35
5
170
240
52
203
29
206
15
140
91
111
0
12.605
230
4
235
79
136
11
57
123
32
250
37
91
87
1
59
135
149
248
34
111
58
153
242
187
162
0
89.7346
67
194
151
76
107
161
81
48
41
120
92
178
144
233
12
169
12
67
14
49
61
221
69
77
68
0
88.3669
22
246
69
12
105
84
153
96
143
89
112
145
183
194
213
220
241
244
91
190
188
130
112
0
70.2477
177
57
103
64
57
160
60
11
190
161
162
241
154
231
232
171
11
86
177
243
236
129
221
208
178
48
0
74.621
30
84
85
77
238
113
138
160
169
246
225
190
158
32
131
48
61
63
175
86
222
78
215
37
125
173
207
0
48.1025
222
72
163
67
3
247
86
44
28
194
14
158
9
69
116
140
39
205
174
166
142
115
238
128
45
200
0
2.9931
212
234
136
123
64
111
176
132
236
132
187
130
37
51
126
82
201
238
47
157
115
16
0
82.6179
39
109
23
106
156
102
225
51
228
107
231
221
135
21
136
240
11
152
14
227
93
38
215
227
27
49
0
49.6399
62
14
39
78
18
89
5
55
144
128
194
198
127
245
7
89
213
29
148
220
102
181
183
223
99
14
145
131
46
46
208
0
66.8452
56
156
215
57
50
121
35
218
114
191
140
59
102
144
188
93
41
66
206
145
155
143
244
67
74
43
0
19.3889
87
186
51
20
87
41
226
53
207
69
135
35
51
141
172
173
193
95
76
150
236
5
22
165
0
13.5085
103
20
232
123
87
134
82
229
58
8
194
234
40
232
31
8
211
150
237
92
146
231
190
241
0
31.6786
111
175
165
90
225
151
38
14
54
234
29
226
159
102
91
202
208
208
81
166
49
43
102
204
204
154
79
159
98
220
0
62.4153
172
172
225
70
100
77
137
236
157
80
75
126
64
155
203
36
17
132
93
17
105
173
84
169
227
165
0
50.0527
177
45
83
60
137
200
116
45
172
223
120
191
119
122
175
239
160
57
92
30
108
59
160
0
69.881
13
168
119
231
10
126
46
240
47
119
137
160
1
194
193
233
168
83
227
55
8
98
9
66
221
131
57
190
0
84.6442
184
84
101
62
89
215
154
51
221
162
25
58
188
111
66
241
199
168
13
46
166
40
114
103
110
0
98.5236
165
168
202
39
200
112
103
136
236
68
52
33
61
250
171
242
46
47
47
236
179
13
35
0
37.5623
57
52
49
234
81
243
241
10
221
244
3
17
140
108
30
77
115
65
108
126
35
125
226
63
232
217
0
24.0029
132
179
151
229
83
57
2
212
100
139
43
144
250
221
197
247
64
140
49
197
129
232
176
116
212
78
0
10.5368
29
179
60
231
179
102
150
165
118
15
50
195
78
230
55
87
79
104
184
44
180
35
0
36.6645
79
217
25
33
124
187
236
1
163
55
38
63
155
147
60
217
181
129
110
250
48
216
120
41
35
54
183
0
95.9906
200
185
234
38
125
218
196
105
175
98
221
167
232
186
139
125
39
208
185
208
130
216
250
48
129
95
24
0
14.7458
69
118
7
217
127
36
177
17
171
240
152
21
9
202
108
161
61
250
102
215
0
39.5738
128
250
172
33
18
96
123
49
135
99
91
130
32
85
199
250
70
244
30
51
178
82
78
102
116
42
0
9.5084
216
195
117
183
38
169
33
151
234
40
147
155
118
44
46
65
214
247
30
134
200
6
0
92.9758
129
219
218
221
43
187
115
155
140
88
30
207
110
105
207
112
238
175
189
132
57
41
239
165
195
121
124
191
0
76.2302
26
78
159
171
189
234
242
83
195
71
172
44
175
55
237
31
246
49
151
220
63
117
0
96.833
191
55
218
72
50
184
149
102
146
218
221
85
9
133
71
33
1
206
85
75
180
0
41.9482
183
201
160
126
45
205
65
40
189
48
219
58
12
102
23
170
235
133
233
223
78
2
153
0
30.7992
230
140
98
106
108
174
60
3
116
234
107
104
169
242
27
47
213
126
27
8
43
135
221
156
35
125
210
0
32.9473
236
99
156
90
128
117
145
186
221
220
147
51
53
85
70
246
192
228
91
224
0
72.6056
120
63
245
232
125
128
61
192
200
131
237
128
107
239
11
125
1
20
39
116
1
130
78
0
61.4162
11
234
42
23
39
80
179
166
250
183
67
18
110
111
99
209
246
131
30
118
0
50.0569
67
16
235
59
84
246
202
198
36
51
164
102
62
220
13
46
152
210
199
212
188
39
111
110
203
5
0
71.3247
216
205
226
55
79
244
177
149
239
98
27
146
85
179
33
155
129
7
129
19
125
89
12
177
0
98.1239
26
33
164
152
247
102
239
108
40
64
15
35
229
247
134
2
12
5
165
87
42
186
194
119
0
73.2974
182
157
13
140
174
187
18
103
214
221
187
237
81
176
59
177
246
92
235
113
28
231
0
70.9312
9
204
153
94
68
185
130
66
59
16
211
201
145
193
89
45
195
33
223
88
66
76
139
201
229
0
88.773
16
16
130
111
69
126
33
201
240
125
43
108
153
116
102
30
157
191
142
82
18
231
138
16
169
6
0
34.3833
213
118
69
135
154
101
102
115
197
146
156
189
50
114
127
144
217
127
157
248
125
136
125
9
61
39
144
0
28.4081
62
146
24
140
227
66
208
25
152
245
55
246
46
32
245
69
250
42
92
214
143
129
214
94
204
146
81
102
168
0
67.3728
197
127
41
37
214
122
163
149
34
157
142
13
121
182
148
40
222
239
165
117
231
44
13
181
0
41.4016
74
16
195
19
34
99
119
13
122
153
45
20
206
216
8
60
180
171
143
102
244
184
158
172
143
1
0
3.6025
204
39
215
26
165
25
124
92
115
42
92
174
87
16
231
140
205
25
125
206
82
221
76
124
31
99
0
18.1445
149
178
74
233
79
143
33
28
208
78
213
150
211
138
212
232
74
178
123
46
36
65
22
0
37.4391
209
63
61
34
151
148
227
143
117
20
185
29
97
26
237
58
162
26
93
229
181
44
16
81
194
145
173
91
0
10.7331
172
62
213
195
1
178
229
192
69
105
165
20
161
211
57
220
143
41
230
79
157
71
77
239
135
129
225
0
49.1526
153
111
150
175
78
77
243
135
6
47
225
160
32
78
186
119
246
11
213
137
226
95
0
52.9897
73
126
18
78
103
155
174
121
74
86
63
17
65
28
201
48
49
130
103
219
231
124
117
179
247
0
87.2583
44
67
30
174
140
196
64
169
231
223
99
92
1
75
184
14
17
126
140
29
90
195
198
146
0
22.8212
229
171
146
200
105
153
91
121
187
27
116
101
144
163
244
171
132
98
120
178
248
215
75
173
213
245
238
98
0
31.8655
221
63
85
247
40
165
58
50
230
194
105
108
36
173
165
71
128
246
244
139
129
53
191
235
63
103
71
0
0.9662
142
49
216
114
115
239
145
41
106
14
12
53
167
168
223
59
173
208
129
213
222
67
193
0
54.3061
150
111
68
75
99
113
113
174
104
106
246
202
245
235
238
49
244
92
185
69
113
155
7
77
0
93.1059
51
17
125
151
76
3
225
21
41
49
229
33
204
187
23
73
233
188
71
215
167
19
57
183
184
212
0
75.3493
163
52
138
152
220
145
157
120
82
206
214
222
69
6
6
131
222
123
224
23
237
224
164
100
0
38.6324
73
198
8
165
10
249
80
232
117
11
22
1
250
50
12
77
148
91
7
34
209
168
174
5
130
0
30.8643
147
243
157
231
95
32
184
175
208
135
238
106
47
3
57
73
4
3
39
23
191
124
247
237
24
249
159
27
196
0
15.2027
130
196
24
207
36
247
130
85
113
4
133
194
50
141
43
227
232
154
218
170
106
169
104
0
75.9455
205
6
26
112
232
161
163
144
107
43
34
59
175
71
134
183
32
28
66
24
57
80
134
89
170
225
151
0
53.0852
109
153
108
175
85
237
61
178
229
77
170
146
44
16
195
101
34
140
35
189
101
198
94
157
129
0
39.0024
64
56
106
17
108
223
10
189
226
73
22
237
42
172
92
73
10
42
60
169
41
7
53
23
142
99
100
109
47
0
49.4127
4
119
176
131
103
108
247
156
46
149
87
105
63
78
83
6
231
199
137
29
166
119
0
45.8202
183
215
80
247
141
122
99
32
158
134
237
107
72
202
122
224
197
176
75
179
230
75
70
172
20
114
84
0
89.0606
33
78
159
50
107
52
43
40
21
184
171
234
161
86
112
36
75
21
176
158
96
32
125
179
58
122
0
19.3162
114
147
161
106
13
151
22
157
149
171
60
84
81
93
138
171
18
180
114
93
47
7
203
126
28
0
7.0845
127
227
248
149
230
176
39
156
81
62
161
171
23
79
240
206
40
187
131
121
155
128
0
11.4433
239
134
181
192
133
133
77
240
27
210
44
173
44
62
24
131
172
181
47
224
0
96.7683
11
182
180
69
234
20
53
97
25
190
237
106
194
124
174
153
235
2
187
62
126
111
70
119
235
183
115
0
16.6915
13
199
137
173
32
127
54
90
1
89
94
16
209
232
108
165
226
168
5
232
226
206
119
154
0
99.6891
110
248
135
52
203
39
161
23
5
54
64
76
176
205
21
123
101
71
91
161
141
145
162
31
0
67.5774
19
241
246
67
231
250
151
54
213
75
181
72
79
80
20
228
173
70
132
11
149
236
138
143
141
245
47
9
0
47.1017
221
28
143
77
212
89
47
53
36
49
77
135
196
4
124
79
132
131
49
232
109
239
4
39
160
213
6
0
59.9385
123
197
186
78
240
227
63
158
175
60
139
21
122
104
73
169
210
249
48
74
225
95
153
210
0
84.2176
188
167
47
235
111
140
230
250
80
67
128
220
22
163
8
105
211
32
241
152
230
0
42.0347
24
189
23
218
71
5
3
155
81
47
84
162
175
194
129
98
14
85
6
179
0
90.601
208
237
22
83
171
198
208
154
200
228
110
78
39
211
130
250
46
101
16
216
68
118
33
132
0
45.1291
88
103
39
21
187
187
208
249
123
38
161
76
102
177
214
42
139
242
15
51
94
6
0
4.8568
19
17
26
74
232
220
234
163
216
96
49
36
55
12
226
240
147
190
221
246
62
184
84
49
163
16
89
0
59.943
196
248
187
179
97
96
49
142
137
228
206
141
118
97
246
233
220
143
195
228
0
10.2671
60
182
42
138
135
210
173
250
97
17
176
202
138
59
182
188
160
9
123
237
183
240
16
0
62.0564
129
196
220
99
104
178
29
11
193
69
30
161
54
44
38
217
215
108
199
186
81
93
0
10.0251
85
39
248
246
207
99
29
214
212
199
175
116
96
91
120
214
237
28
85
99
184
22
189
247
112
74
0
50.8459
230
91
97
65
18
148
80
21
99
92
216
151
176
215
193
55
165
156
217
246
211
97
194
146
18
74
0
20.2733
182
112
189
183
241
159
70
150
221
222
220
144
24
247
155
235
159
2
169
17
59
130
21
145
0
19.6741
185
31
224
114
150
223
142
75
213
195
174
222
171
87
244
189
58
86
51
250
244
76
141
61
0
21.7466
188
84
76
244
3
167
196
79
161
112
139
212
118
110
203
48
184
240
1
32
173
130
36
162
135
24
226
0
91.1138
125
190
238
76
131
41
186
166
86
71
227
91
62
143
88
241
228
54
47
158
231
84
74
134
15
177
29
0
6.6096
148
51
206
202
56
66
87
174
2
29
49
126
131
103
214
202
159
219
167
226
56
124
153
61
0
0.75632
52
140
20
79
142
42
207
36
196
202
152
79
187
187
189
147
159
44
142
102
122
208
206
71
21
16
0
10.3174
119
239
53
64
236
120
158
54
49
62
28
218
127
131
167
111
199
13
232
53
113
221
8
113
235
94
148
210
83
177
0
71.309
90
41
227
193
239
233
64
184
75
181
62
224
241
98
33
143
181
114
162
95
13
139
203
0
50.7733
35
165
163
43
163
181
33
87
111
99
7
128
239
153
80
44
172
53
122
203
147
79
0
0.30318
114
84
108
223
30
3
151
174
167
168
17
239
202
191
144
127
6
207
53
184
26
74
94
72
30
31
149
154
0
9.8651
19
250
85
148
244
141
248
41
105
129
91
83
62
55
191
131
65
123
8
159
8
169
183
102
91
0
7.6029
32
124
119
237
196
153
132
128
60
155
194
104
185
15
62
134
131
169
45
145
204
245
241
13
117
128
0
0.58622
236
111
181
180
165
101
126
229
226
171
39
191
152
40
148
157
12
149
49
106
81
109
150
153
45
0
25.8513
30
232
99
27
248
85
84
218
152
10
105
242
191
10
248
201
139
48
163
82
28
34
195
0
45.4478
205
102
29
150
69
4
19
25
182
55
95
45
56
46
15
184
2
84
146
170
163
44
157
60
219
175
51
236
104
215
0
62.589
68
191
137
98
122
207
185
80
164
2
117
200
196
169
17
198
96
205
91
72
196
197
162
148
41
227
145
1
183
183
0
57.2491
36
1
18
135
193
202
88
45
35
62
29
2
45
208
3
215
184
12
150
168
156
216
249
239
49
46
78
7
0
98.9717
96
99
92
151
115
45
244
114
117
108
155
247
149
53
39
39
173
208
11
1
180
118
31
95
65
177
154
137
0
46.8706
119
208
154
120
81
119
193
249
133
24
57
15
76
93
151
134
184
184
191
203
38
5
227
0
0.32224
115
25
184
167
240
122
163
40
77
76
52
63
214
73
66
187
134
141
237
127
128
71
113
76
53
117
133
85
129
150
0
64.3612
146
19
85
240
212
134
48
228
29
175
155
160
154
213
181
222
89
79
144
169
140
222
62
85
46
0
59.9218
18
185
173
103
32
149
138
130
131
216
42
15
27
76
136
35
159
69
97
92
116
67
88
211
242
0
98.8965
124
208
224
130
82
52
91
89
214
14
143
67
167
62
85
16
98
42
188
4
60
8
58
203
201
123
202
0
59.6748
139
100
145
15
16
14
217
234
64
227
52
28
116
79
231
215
163
230
120
137
31
109
77
0
76.3046
28
181
43
124
18
234
238
126
212
142
190
72
21
134
30
79
249
197
184
29
69
240
0
45.77
124
114
7
107
51
16
42
22
67
65
10
77
109
149
59
241
133
216
221
32
0
97.502
65
14
126
118
223
4
225
12
152
110
177
57
229
9
138
33
110
67
232
143
132
241
40
211
231
88
50
213
0
70.3536
46
17
120
40
240
102
38
235
231
76
42
235
45
11
75
194
64
155
115
113
1
17
138
32
0
19.9381
96
48
38
111
127
35
180
226
192
15
108
226
73
132
71
29
50
218
125
151
49
47
85
45
0
70.4588
131
226
53
212
218
134
88
171
29
94
243
232
56
167
153
102
250
125
98
13
10
2
163
239
242
199
166
0
24.6751
122
212
113
71
156
204
44
206
175
144
12
168
119
132
47
17
75
176
74
24
21
16
10
91
0
47.4444
204
44
105
182
9
173
156
198
250
33
190
25
131
26
23
227
108
235
44
177
32
71
4
46
245
46
0
22.5555
198
198
3
181
78
150
54
24
101
190
242
38
32
235
170
164
85
167
82
7
83
0
59.0447
30
121
215
30
69
66
22
112
146
237
119
4
19
124
57
57
136
122
132
67
204
165
65
208
238
179
0
63.321
8
191
33
81
101
107
241
214
230
158
17
116
207
2
105
118
230
4
234
191
139
246
133
156
45
0
12.5622
125
211
163
40
156
121
29
202
18
134
12
68
247
237
116
148
197
151
211
196
163
90
84
71
102
0
39.9159
52
228
75
70
8
40
108
99
16
196
15
67
15
82
11
184
33
22
85
11
122
46
138
235
145
180
0
38.2074
234
113
122
19
235
233
116
21
232
237
16
248
61
102
150
107
77
130
18
203
130
192
3
137
219
0
91.6624
1
226
132
116
36
197
239
139
4
137
198
164
63
226
177
233
32
168
82
241
184
202
207
190
0
18.4
141
29
132
141
28
214
8
23
227
104
67
231
215
85
191
88
48
212
136
61
208
154
170
0
27.3296
97
181
137
226
156
177
8
87
136
147
115
199
136
9
107
189
235
66
141
232
56
149
81
71
92
0
70.0591
180
240
225
211
191
44
63
42
184
151
221
192
249
87
16
5
77
191
32
102
201
9
26
18
27
0
16.5682
197
64
45
68
159
39
95
225
22
174
63
188
63
217
242
17
147
74
20
205
220
170
122
43
210
148
175
156
0
59.6387
82
166
126
64
220
45
156
45
249
3
217
119
164
105
167
3
246
184
222
223
30
14
100
3
0
7.0017
56
114
148
205
55
188
22
97
61
221
179
27
224
63
144
98
156
212
195
116
75
236
8
172
162
132
94
237
0
48.1848
226
73
229
150
105
108
62
67
189
188
203
144
236
112
9
33
24
14
86
74
49
12
72
149
245
15
26
0
99.3395
201
79
212
101
113
34
243
111
221
40
23
166
136
49
17
162
220
153
31
25
165
185
19
0
54.5436
57
187
223
213
238
218
27
107
97
99
233
165
181
88
110
141
30
221
155
123
148
124
21
228
0
41.3822
122
196
104
241
243
58
215
24
180
36
93
95
58
33
22
188
238
186
48
239
164
71
85
27
187
246
182
0
13.5247
144
19
19
109
36
146
168
193
231
231
182
31
8
237
169
67
228
64
220
226
124
113
213
10
134
24
0
32.1655
205
180
34
23
188
20
216
99
67
104
3
64
119
15
182
144
237
220
140
206
207
32
204
201
208
129
208
15
242
75
1
0
37.4039
55
182
218
124
155
12
184
242
123
172
114
59
128
87
20
226
220
94
11
39
211
66
23
231
153
143
220
236
187
231
0
52.8148
180
151
226
232
149
35
224
70
103
84
108
240
170
62
71
210
112
131
190
3
65
171
40
78
249
129
170
0
65.7372
17
20
160
215
200
3
203
25
15
246
213
75
186
154
57
223
245
152
34
158
242
40
249
108
232
89
151
57
193
0
86.2623
185
214
201
170
90
120
38
68
91
185
190
129
173
101
56
13
242
158
122
41
174
88
105
0
23.7609
201
197
125
61
141
153
69
236
244
156
152
6
217
129
58
222
170
23
141
187
141
128
201
236
158
39
133
244
221
127
0
50.3738
198
16
152
96
228
150
26
233
164
70
211
114
4
172
37
187
248
183
117
201
188
36
153
63
108
0
18.3372
204
145
26
212
217
208
98
10
89
174
146
195
167
149
29
150
90
167
226
176
69
180
102
23
159
196
246
191
207
0
66.7968
156
162
122
237
189
65
123
167
8
210
181
210
28
183
25
232
243
134
139
92
91
152
69
66
41
20
77
56
0
42.0224
118
230
147
164
188
117
218
220
154
79
141
153
87
212
199
117
139
7
59
92
207
161
208
107
19
74
130
0
81.7038
221
204
122
95
157
77
182
176
72
160
52
48
120
77
2
233
15
180
160
110
48
119
44
0
63.208
102
116
142
48
106
134
232
87
79
26
157
118
65
114
239
177
2
78
54
31
81
20
209
14
0
92.1109
166
52
5
212
105
14
106
12
30
105
15
157
159
214
81
157
100
190
45
10
41
114
227
12
60
98
0
52.5047
234
209
243
199
207
26
85
211
38
221
224
120
123
166
34
49
6
202
95
199
174
65
13
182
84
146
0
71.0063
144
183
69
76
28
120
17
58
114
168
30
185
27
190
101
6
128
121
18
173
168
222
37
246
142
102
57
0
67.3596
188
203
5
116
211
25
229
249
75
85
142
191
207
210
60
166
171
43
134
112
0
82.9158
127
5
216
17
94
231
95
108
147
246
21
119
36
22
197
1
15
181
71
45
17
167
0
92.1125
129
87
223
159
43
156
6
229
122
73
239
166
124
159
80
155
195
109
15
192
98
56
0
21.7786
180
123
6
250
122
206
3
130
87
163
247
200
57
155
202
66
185
111
212
126
241
0
85.9419
24
74
62
102
201
42
15
173
137
40
30
171
227
2
152
21
165
110
248
126
91
151
98
13
112
91
23
29
112
216
0
84.7229
175
237
3
6
185
156
42
206
143
34
18
19
186
112
218
19
68
148
179
117
34
125
186
0
26.3505
163
24
225
169
218
224
245
86
249
218
100
86
142
80
57
78
41
19
208
139
117
125
213
16
231
25
233
0
73.2967
98
94
189
235
163
39
55
102
235
94
73
94
4
161
93
138
76
205
179
140
178
74
165
95
169
240
244
83
109
146
0
28.8438
184
190
108
28
215
218
8
193
111
24
236
70
246
204
9
212
154
49
0
75.9329
191
28
174
32
36
142
188
172
195
157
83
242
44
200
189
210
6
179
157
4
4
58
0
1.7331
157
71
129
209
111
58
185
67
10
246
38
41
176
181
177
47
214
237
34
157
134
234
0
31.6824
248
78
141
61
141
31
195
215
204
167
6
160
78
82
237
92
161
49
157
45
61
77
168
155
149
0
25.3861
17
198
186
162
153
177
229
7
70
75
156
165
166
50
35
185
77
231
180
92
221
0
30.3808
152
215
180
84
204
74
103
196
17
205
215
9
110
173
99
2
38
97
245
89
111
210
58
146
0
59.7641
197
134
230
247
108
6
95
1
218
175
165
79
83
159
10
146
33
114
69
102
249
18
64
218
79
18
191
0
51.1671
41
16
44
160
144
20
59
56
46
216
146
184
94
221
203
57
238
7
100
95
107
72
32
7
0
32.8117
61
123
247
121
80
122
192
183
226
32
104
1
76
174
177
41
65
47
47
38
101
70
227
234
221
250
187
0
29.7461
112
88
103
57
159
165
127
115
128
168
231
80
63
58
211
24
145
121
5
22
47
88
107
142
246
144
0
33.0453
235
72
56
34
69
109
109
26
132
130
72
48
140
35
63
52
220
26
91
76
145
172
90
170
196
0
9.3371
241
120
148
239
226
106
110
215
61
214
94
242
63
67
247
186
129
160
230
193
181
65
159
22
189
94
147
0
51.3921
53
146
174
245
163
93
116
183
249
222
37
191
70
92
198
13
227
69
95
162
94
136
0
7.1889
174
223
187
56
145
141
134
88
63
182
12
22
8
198
130
230
88
20
3
191
0
96.1705
140
214
53
234
234
36
71
145
123
184
38
105
150
65
102
164
97
159
235
194
113
181
87
88
177
164
189
0
46.6862
182
134
84
220
184
78
128
150
181
217
62
116
32
225
120
18
122
63
138
64
0
64.1091
207
191
224
74
229
221
199
172
82
3
235
22
71
38
64
87
161
55
125
244
193
163
36
0
17.5502
41
185
222
201
148
42
162
25
48
191
41
70
177
46
157
119
125
38
216
0
81.9841
175
242
98
15
38
95
9
123
99
106
184
79
139
164
78
136
248
193
12
192
47
172
11
195
121
180
0
92.7259
143
147
128
47
107
121
129
250
163
130
16
128
154
240
199
207
227
125
210
40
8
220
217
52
0
63.6521
49
140
129
47
35
194
226
223
126
168
219
179
117
172
170
85
174
190
166
127
100
149
219
110
0
67.5529
91
8
196
57
223
247
121
34
52
73
237
204
85
141
210
54
137
203
41
88
18
218
165
0
76.7063
109
67
30
61
10
226
218
78
51
132
168
145
115
112
164
234
90
76
245
188
240
0
34.766
74
54
228
217
157
101
216
214
39
173
40
117
213
225
169
156
216
35
17
129
114
190
32
186
101
53
181
0
82.6835
248
18
232
131
97
213
132
121
31
144
80
238
205
190
90
13
76
28
3
53
49
0
59.1848
31
87
238
23
112
196
127
223
233
61
241
97
184
209
166
221
117
161
95
37
43
129
207
236
117
0
81.3207
99
41
57
75
22
142
33
131
214
243
69
153
217
24
220
186
56
21
77
86
60
72
97
0
36.4975
195
36
139
16
20
6
68
30
174
193
226
149
168
99
95
207
2
215
111
237
239
179
202
0
50.7416
74
7
186
91
135
22
147
144
232
149
202
179
189
24
82
103
196
190
69
152
159
133
45
177
96
94
0
27.0819
82
12
209
45
148
182
76
72
221
58
112
45
171
209
213
207
246
183
108
235
58
220
23
185
151
98
0
92.9113
158
150
162
198
231
79
237
215
83
172
72
75
114
62
213
166
7
247
25
147
133
1
87
8
4
204
124
111
0
53.5296
49
30
215
184
132
89
70
175
156
70
59
161
47
51
203
194
80
237
250
36
18
31
197
196
104
102
135
82
0
45.6665
143
146
60
34
72
221
55
231
189
76
102
198
168
195
13
103
199
22
106
219
248
0
12.4411
96
86
201
49
90
96
51
70
85
215
31
97
83
193
218
139
11
235
139
27
56
146
40
167
235
0
12.882
22
39
46
240
70
127
148
26
246
121
108
193
137
127
123
223
8
58
5
207
192
165
120
170
49
170
199
0
57.5407
243
172
235
34
147
129
54
45
242
154
98
215
53
192
145
17
102
245
78
99
32
79
188
0
89.2928
89
61
2
90
47
10
24
96
156
148
15
13
170
167
19
80
232
32
184
185
81
121
20
121
98
0
96.834
111
191
153
47
20
197
162
203
128
53
172
111
175
18
229
85
26
42
155
175
163
103
48
136
89
74
78
79
0
7.1726
10
120
71
209
177
134
67
11
167
171
15
167
233
26
128
212
163
17
159
10
191
212
53
0
47.9641
9
245
160
147
222
146
61
166
68
149
210
108
205
241
80
50
181
240
245
11
248
0
17.3644
90
155
246
169
120
95
20
79
156
113
14
203
191
137
32
218
95
167
17
111
158
224
45
68
123
68
97
0
66.5161
26
193
37
40
135
187
22
56
40
78
245
220
210
202
33
86
248
214
220
55
180
165
45
234
18
0
45.742
143
206
142
46
106
173
33
229
65
134
153
69
42
194
212
49
187
164
27
204
137
170
44
89
43
240
115
21
196
105
0
46.0679
240
215
171
37
248
79
14
247
184
41
76
188
110
113
85
157
173
219
194
235
45
214
185
133
0
44.3086
216
28
95
202
181
196
232
221
41
118
1
23
96
16
61
37
43
37
186
247
148
249
195
185
228
0
93.0731
40
180
144
51
105
158
104
82
234
82
84
6
71
129
70
208
245
160
95
229
84
232
82
130
98
233
103
0
24.0895
113
199
146
181
84
243
102
41
246
21
225
248
224
96
153
47
174
6
7
90
235
161
100
184
187
193
29
23
113
0
94.0552
187
11
171
56
127
98
130
243
80
130
86
28
61
18
51
183
123
98
200
82
100
186
49
56
82
0
91.5653
147
58
36
180
135
81
12
172
227
34
16
99
151
119
33
1
236
75
7
147
158
70
134
0
40.0276
70
238
236
120
157
156
98
188
119
145
100
123
73
171
71
6
160
224
41
5
207
132
44
109
0
87.0102
205
162
184
81
27
21
163
105
206
112
50
17
201
102
146
116
120
25
65
80
139
5
249
201
45
205
81
202
0
29.5703
196
224
181
161
168
40
242
145
192
42
153
32
85
2
143
85
136
110
55
16
227
189
0
30.4396
98
101
177
154
156
120
75
159
76
25
235
142
57
133
188
47
5
6
59
98
75
12
59
213
0
59.6588
210
165
97
92
96
73
14
58
174
55
21
106
76
65
61
40
2
113
178
192
104
0
73.2298
191
117
118
123
19
86
141
104
102
94
181
131
40
92
239
236
85
86
228
221
116
105
115
106
157
0
76.9711
15
115
122
114
235
191
250
74
65
27
76
107
41
223
120
183
13
151
240
124
120
0
82.2135
239
149
118
68
233
223
125
82
59
209
180
243
144
146
160
212
196
142
17
154
178
118
198
206
33
52
0
18.717
241
44
148
200
122
98
219
48
59
195
140
165
23
19
33
105
85
61
70
111
217
122
101
247
48
80
102
0
73.7785
36
27
30
164
77
164
194
127
244
177
98
151
118
179
39
224
205
39
215
241
56
178
158
137
0
68.2425
108
124
136
225
11
47
60
54
16
241
65
66
183
62
217
8
88
177
83
56
53
172
76
0
77.6171
215
119
201
78
187
130
25
63
98
127
191
106
14
127
215
185
69
165
109
119
146
180
22
140
0
54.0709
34
34
115
91
216
146
45
177
92
100
197
41
5
29
6
67
18
5
206
155
0
6.6723
233
65
58
29
194
222
23
164
143
122
235
41
226
138
148
61
148
29
155
66
134
51
80
153
209
206
48
124
0
75.1133
113
24
190
96
161
204
176
127
166
227
181
43
45
219
240
13
29
160
246
59
29
16
239
90
117
216
74
123
38
0
45.1765
241
180
114
41
73
35
97
69
167
156
239
2
100
154
23
125
71
99
142
217
171
61
0
13.1846
152
71
178
161
147
183
120
232
86
79
195
31
1
231
129
222
192
14
74
65
42
162
192
49
108
78
0
11.2528
8
137
60
98
224
229
164
196
228
223
103
115
76
30
247
128
191
172
151
235
149
245
62
179
2
180
0
50.4156
206
43
145
7
223
158
149
135
159
152
150
156
233
37
35
241
215
191
208
208
243
170
199
142
103
0
98.7488
93
136
15
76
171
226
238
178
76
34
61
1
128
121
32
72
224
58
226
142
57
203
161
10
14
0
7.1796
96
144
168
122
217
161
68
41
233
202
24
245
116
62
179
221
73
154
121
140
139
116
123
31
236
42
0
11.102
123
102
155
124
153
186
57
133
220
3
59
170
107
240
8
39
106
55
222
12
225
233
115
58
240
53
0
71.4927
94
172
117
183
12
192
131
93
58
38
34
213
66
83
177
41
71
213
226
216
155
202
118
0
7.161
44
113
176
117
78
229
134
186
142
90
110
70
206
245
169
1
169
73
214
89
15
237
71
155
132
0
46.5381
14
113
248
187
128
89
247
55
53
84
195
56
152
34
169
213
38
88
88
66
241
151
0
83.0187
110
232
107
12
47
103
161
123
107
204
155
21
64
119
18
67
69
224
170
2
65
134
135
132
16
152
60
219
67
0
90.7938
62
76
115
190
174
208
218
35
96
76
11
77
86
47
171
248
82
227
177
172
76
38
90
21
105
190
171
20
0
92.9066
22
112
15
149
151
116
100
150
185
4
202
146
72
35
7
97
201
185
53
126
235
51
128
243
0
18.3634
42
71
29
195
228
43
89
83
26
219
10
163
243
85
94
28
112
200
204
213
79
213
31
198
113
0
47.7923
93
163
4
240
63
133
186
189
161
71
101
155
185
185
181
163
119
137
238
195
92
8
52
194
88
0
88.7437
230
143
229
39
163
248
161
114
215
126
205
237
128
155
139
246
154
156
155
231
169
81
194
0
36.4183
226
30
155
86
235
124
54
85
156
140
21
197
209
5
89
120
197
125
188
1
74
173
212
10
0
86.7724
217
101
62
125
223
174
240
192
157
250
151
109
141
32
7
196
31
21
221
103
25
119
91
104
171
0
66.0972
216
69
40
95
221
19
206
90
72
250
161
114
179
68
145
152
156
221
245
201
32
133
97
19
123
0
6.7424
172
111
11
109
12
250
121
109
67
203
63
69
183
209
97
32
151
232
63
83
208
0
61.8756
142
79
34
63
174
140
239
185
247
195
78
152
79
1
7
86
130
114
184
79
173
0
19.4362
186
102
33
232
4
241
161
105
45
207
130
23
167
29
241
74
51
176
116
228
82
170
94
118
208
77
0
69.8674
40
52
128
157
206
219
193
205
14
167
134
217
134
30
132
232
128
246
54
240
160
83
189
100
80
95
0
20.7769
106
2
233
216
249
167
227
131
135
33
221
75
106
104
179
185
47
211
223
134
124
224
46
0
24.7041
246
62
81
179
223
28
173
125
169
118
182
34
88
201
139
153
84
242
108
92
232
21
213
0
41.7369
96
188
226
76
35
81
197
21
36
45
23
41
55
233
217
227
105
243
115
233
159
179
238
233
151
0
44.0647
107
188
125
232
116
180
79
95
66
117
202
69
237
147
1
58
203
142
88
109
242
198
217
195
228
70
146
0
87.5249
186
239
169
100
211
66
215
172
22
52
215
161
21
246
210
10
192
41
8
149
0
17.6629
160
238
180
224
196
48
88
5
56
77
181
7
192
6
77
59
214
144
68
166
165
108
190
0
75.175
154
189
95
94
64
110
97
142
244
165
103
196
231
247
30
239
208
207
190
244
122
171
246
29
216
0
24.8442
8
46
99
198
223
106
234
157
37
36
71
61
45
112
26
4
155
88
7
20
219
190
176
0
42.3992
218
82
106
201
141
106
175
111
92
238
110
224
47
166
183
94
109
125
59
168
92
139
72
130
54
66
189
84
0
39.2753
91
8
54
220
226
129
103
15
137
51
21
230
5
136
223
77
231
179
22
80
84
144
34
0
27.141
233
213
71
234
12
237
237
208
185
3
170
17
198
149
96
38
121
227
146
39
140
217
0
68.126
138
180
132
197
73
157
210
86
237
239
172
177
171
97
96
53
24
64
240
64
68
216
28
234
39
0
36.8384
193
28
54
61
41
201
33
224
9
155
57
148
122
214
162
11
231
153
95
244
18
61
244
96
149
124
0
88.7838
177
25
230
88
72
200
99
15
32
168
202
175
109
83
42
78
119
241
95
141
60
212
170
200
170
58
0
66.306
167
217
218
132
188
164
209
162
157
144
4
66
112
232
194
10
197
79
199
123
226
163
7
0
67.4559
133
221
183
249
94
102
121
68
196
102
52
133
147
98
51
10
2
105
16
57
143
140
147
202
245
19
211
25
0
80.9224
208
46
2
151
81
233
111
109
109
208
194
164
187
45
4
107
70
223
7
106
167
43
48
169
25
15
0
65.0155
54
173
233
180
79
113
99
33
214
211
202
40
113
78
32
124
208
159
131
220
137
91
29
106
235
2
0
90.9428
186
249
209
83
144
142
64
181
184
17
127
126
113
2
32
230
162
246
134
116
245
178
161
17
57
140
55
0
66.8135
120
3
69
201
50
20
188
230
204
157
78
16
143
212
73
112
43
128
243
137
146
186
116
73
10
0
9.4226
130
69
167
132
63
57
15
136
250
23
7
147
249
122
171
91
240
60
38
198
198
33
96
0
93.9194
223
129
173
166
4
4
137
74
150
111
19
64
78
6
125
186
92
208
23
24
95
85
214
234
174
0
50.2902
17
138
193
2
55
227
240
41
193
56
68
32
27
156
128
137
143
230
236
47
18
207
217
99
109
0
55.1873
20
228
24
238
118
218
160
7
173
229
48
36
152
189
64
131
73
59
44
191
59
229
137
221
202
175
36
143
0
85.4058
208
80
58
37
224
174
78
120
186
209
193
42
105
243
153
209
162
20
149
204
14
85
202
119
173
0
99.1475
3
108
161
26
56
143
208
107
104
164
204
148
7
163
140
153
35
191
239
129
5
93
37
63
198
117
149
0
88.2997
176
80
179
171
104
107
238
20
119
117
188
201
161
217
202
27
57
3
235
148
165
219
193
233
75
81
66
38
110
0
5.3871
201
171
13
113
228
70
2
84
165
129
106
174
129
51
87
20
52
176
71
43
127
125
137
0
70.3513
33
164
200
188
13
247
107
199
217
217
25
12
158
38
74
94
57
73
181
202
146
226
165
82
0
15.6731
95
241
228
226
101
90
178
31
183
7
158
27
206
166
44
89
62
170
37
7
184
211
213
116
137
180
0
89.4463
108
111
12
28
106
65
144
211
176
189
217
144
57
162
248
66
250
107
36
80
161
41
137
151
149
191
0
58.3637
149
123
29
213
14
59
142
234
70
121
71
94
120
58
60
93
142
34
226
20
227
178
167
29
194
76
24
90
142
156
0
25.6435
44
207
137
234
4
17
48
43
82
177
56
29
46
170
235
10
175
249
24
27
205
168
50
179
119
0
68.8311
196
230
151
146
129
83
68
177
243
250
145
108
186
156
68
44
36
139
8
154
99
47
35
54
152
0
61.8338
93
10
73
245
56
4
52
135
117
237
128
132
229
216
18
79
120
199
146
216
162
69
250
141
43
107
182
0
43.8874
228
230
30
205
232
145
188
19
109
5
122
56
244
52
179
141
47
227
113
249
173
142
194
153
0
26.1872
163
177
11
178
171
75
234
75
116
244
77
111
27
169
38
159
241
32
210
95
167
46
79
231
12
123
164
210
29
51
103
223
0
92.3284
80
67
62
105
77
181
103
95
232
67
33
31
10
112
59
55
1
31
210
30
231
73
0
83.1802
241
195
46
103
156
127
109
184
152
4
110
27
177
66
127
200
134
247
171
163
128
132
70
217
214
213
0
12.4678
117
107
223
137
129
180
202
120
208
52
89
175
188
19
157
12
63
80
142
76
100
76
108
36
0
77.415
54
2
97
15
2
21
167
138
220
115
111
136
43
239
222
116
23
80
38
114
218
166
171
28
111
110
124
10
214
0
23.493
91
107
149
242
233
19
164
15
31
80
233
136
131
169
182
84
124
159
1
183
67
245
0
10.5071
125
155
69
95
205
34
105
6
82
186
180
102
18
93
164
12
219
84
4
177
215
35
76
221
38
0
8.2489
98
183
125
239
104
18
102
15
196
184
16
143
132
118
225
72
120
223
227
194
6
8
188
201
82
0
51.6159
206
46
57
163
158
112
57
23
39
43
49
237
103
161
202
93
49
116
237
34
117
40
1
250
229
173
55
0
14.6097
216
7
101
131
54
162
64
97
102
151
228
199
96
141
140
50
84
44
206
232
21
95
178
105
0
80.6133
195
17
233
46
40
244
29
168
119
87
157
220
1
92
227
197
21
165
175
108
24
0
59.1449
249
134
67
7
67
178
175
36
187
147
243
216
170
116
22
34
143
203
6
144
247
159
164
13
211
136
107
0
10.3839
117
165
43
102
153
65
161
110
157
140
139
162
154
163
113
120
2
181
97
38
110
184
147
182
186
233
27
21
0
72.3097
24
250
170
231
90
185
140
140
49
181
131
30
221
176
88
158
201
88
79
137
47
130
82
130
158
160
0
56.5704
74
5
105
36
169
42
200
165
247
162
239
121
151
54
241
13
18
86
117
14
193
67
80
0
30.8145
169
30
11
160
65
214
178
90
126
150
75
109
49
25
56
17
230
52
36
108
201
67
115
248
196
234
41
220
76
101
237
221
0
28.1596
171
194
70
224
128
62
23
68
100
145
150
167
146
237
96
171
217
24
58
117
161
206
159
68
149
186
125
12
180
10
3
111
0
51.9023
246
114
45
205
107
40
5
61
155
245
21
222
103
179
107
23
204
134
204
161
69
191
87
50
11
15
117
0
69.0003
93
181
136
222
150
242
98
9
58
19
123
98
228
159
102
223
20
106
13
125
159
183
173
99
0
68.4323
126
124
103
84
142
48
229
124
207
92
177
143
177
220
186
222
163
184
79
58
187
67
188
150
99
0
90.8808
107
181
124
205
35
232
197
69
168
238
125
227
48
245
234
120
248
60
97
118
88
129
207
48
166
224
157
94
0
8.8547
214
220
240
6
101
210
198
80
134
195
167
59
68
52
36
216
227
178
88
65
143
149
185
33
13
32
164
163
14
19
74
0
87.7521
15
200
242
118
246
189
76
143
220
54
173
14
233
127
169
111
84
228
5
11
118
39
0
33.7149
122
63
106
113
67
39
180
232
13
136
149
236
177
229
104
69
190
108
220
196
40
182
241
201
113
66
170
247
131
0
36.584
180
234
237
21
182
61
157
64
230
117
224
190
100
199
102
8
74
168
229
2
243
154
138
167
22
73
172
90
0
55.3446
46
36
135
211
110
157
148
213
217
224
210
192
116
185
99
249
167
75
65
168
111
57
87
122
0
67.0256
140
104
183
203
179
141
24
49
40
15
241
250
42
67
245
183
250
83
191
61
78
139
142
160
239
27
20
103
0
95.5979
157
54
213
142
82
107
136
201
193
93
98
158
17
173
59
130
248
103
109
215
16
97
103
0
49.8672
194
187
103
191
98
203
70
8
217
205
192
57
21
156
243
200
228
218
64
104
130
97
49
2
165
0
40.4589
248
221
248
128
67
68
86
207
68
183
210
138
182
227
89
140
217
107
84
188
0
81.5198
174
104
132
57
180
37
66
226
204
44
156
72
181
227
103
126
119
140
14
30
49
124
0
25.6682
7
247
229
138
63
149
13
199
185
165
244
28
83
247
243
76
241
184
236
170
137
237
117
206
220
217
0
1.3811
91
156
4
76
41
94
134
63
76
185
229
107
91
4
24
118
175
69
81
161
71
234
60
20
0
50.6786
217
206
83
77
48
54
17
61
189
75
169
129
11
150
218
134
228
167
142
199
173
179
78
157
134
57
152
87
210
174
0
81.3953
85
109
79
55
137
146
159
92
52
129
158
142
110
243
53
43
45
170
71
156
77
58
170
181
215
201
0
48.4401
55
57
14
225
22
190
235
240
249
240
145
13
242
151
200
47
153
97
70
175
195
221
211
51
0
94.8486
74
191
158
222
24
88
60
201
197
21
234
169
130
51
22
113
40
34
141
95
113
190
44
101
109
166
0
48.2331
96
193
174
66
189
66
61
170
145
137
86
203
72
141
149
96
15
185
170
26
241
0
70.3939
230
12
166
51
249
218
194
163
177
132
123
50
189
242
176
87
71
212
102
223
207
0
40.5283
229
64
244
85
189
38
27
169
242
165
136
94
127
54
249
132
149
205
118
150
31
207
32
125
89
0
8.7827
237
34
66
19
140
244
33
117
142
213
50
224
137
150
161
8
65
106
1
217
146
93
180
123
54
71
0
81.8684
78
177
129
163
249
195
210
239
36
1
97
30
121
83
249
212
165
236
64
25
193
164
28
67
66
113
124
0
17.752
102
49
48
224
85
210
30
72
113
70
220
211
73
42
167
149
103
93
173
122
177
0
2.6629
107
69
158
61
212
222
199
242
80
102
215
24
5
236
179
50
15
169
33
106
247
210
136
138
41
172
0
59.502
203
51
147
48
185
236
23
139
172
156
122
39
52
105
80
230
220
223
147
197
141
30
207
70
224
0
86.9375
177
65
1
91
50
71
185
42
188
75
176
140
134
146
140
224
28
24
41
99
143
223
167
249
239
0
8.8992
197
184
100
36
137
28
45
132
29
17
37
207
26
99
92
119
65
152
122
18
110
139
37
111
0
87.2998
59
11
30
228
143
236
155
29
199
193
196
196
158
126
7
212
116
213
206
151
115
51
184
0
34.5679
27
21
10
230
41
238
162
150
107
157
22
170
128
129
179
84
66
54
59
21
59
114
126
99
236
133
115
8
64
62
155
0
98.5316
136
33
180
224
166
137
74
138
222
214
80
56
180
126
10
73
198
147
81
220
55
2
84
227
44
78
67
0
9.4781
198
108
113
32
165
84
23
221
48
61
75
161
242
135
211
77
124
123
2
213
122
243
170
15
29
0
17.9451
121
155
63
217
151
110
155
49
7
59
12
21
125
133
86
1
118
143
189
11
49
240
78
224
191
124
230
40
248
0
3.7836
15
49
126
58
112
131
196
203
221
121
49
196
195
8
4
188
235
201
182
218
88
179
11
69
71
145
210
0
45.9743
7
171
193
75
167
94
166
12
17
8
241
109
122
23
37
43
196
131
119
29
164
205
10
193
92
227
10
101
0
