100
200
54.9173
78
49
7
80
5
93
34
45
72
46
82
0
79.7536
86
56
50
13
64
45
45
70
80
51
94
0
57.7324
64
36
20
25
1
98
70
93
0
66.0835
71
58
100
100
84
76
26
31
35
67
0
57.2676
5
35
37
89
13
91
100
26
47
12
28
0
43.3465
55
84
1
75
82
74
12
73
96
38
0
13.4535
36
78
94
24
29
23
51
97
95
29
14
0
69.4281
33
20
60
99
78
65
62
62
93
0
65.9763
10
42
34
27
37
25
59
14
62
39
69
0
52.4919
73
43
35
62
91
35
21
80
27
45
0
54.3333
89
76
26
90
6
32
85
78
58
70
0
41.2713
46
22
61
91
77
86
24
65
28
0
52.4214
37
86
99
66
1
78
30
35
81
11
0
41.1234
53
98
68
94
21
95
69
12
42
0
21.7319
98
65
90
6
87
77
57
96
8
0
41.8908
54
37
5
4
11
2
36
81
9
87
65
0
23.8003
64
76
64
92
98
40
14
81
65
15
45
0
34.3837
63
18
14
15
97
87
81
14
80
98
0
88.9957
87
54
61
39
95
50
56
37
77
70
0
16.0299
8
43
98
5
93
22
32
67
0
70.9096
17
98
48
9
4
26
48
44
72
90
0
71.5655
9
74
44
23
92
28
68
90
81
0
16.7334
4
88
51
49
60
50
87
71
58
66
0
91.8675
53
50
28
15
27
60
11
93
36
0
7.8399
61
31
91
5
48
71
11
29
0
18.8285
50
32
33
62
98
49
81
13
74
0
27.5127
97
79
27
63
28
3
63
10
67
0
58.4038
22
95
52
81
29
29
92
18
92
0
38.2652
96
65
28
12
41
9
68
43
19
94
0
21.6373
62
88
49
97
18
14
18
96
13
0
84.8312
42
20
100
40
85
26
25
15
56
0
70.2007
66
55
61
39
91
20
14
89
43
38
72
0
56.1906
53
32
20
91
92
18
98
75
15
88
41
0
16.409
54
24
23
44
90
53
65
16
5
79
48
0
59.858
20
46
4
30
51
52
35
90
49
4
16
0
59.6257
93
46
77
36
51
37
11
88
58
0
99.9374
91
77
45
72
98
74
9
25
55
76
0
66.9838
14
64
71
99
89
77
5
90
35
20
63
0
22.3978
30
92
20
39
58
46
46
38
10
79
0
17.4756
41
52
19
88
24
12
64
76
75
98
0
45.3267
92
63
29
94
16
91
39
78
72
74
0
47.2158
17
93
28
94
43
39
80
100
63
36
0
5.5231
90
5
32
99
6
14
49
46
17
42
0
71.3791
74
20
15
77
93
54
94
38
68
36
0
44.4631
97
5
55
77
61
15
25
44
34
71
87
4
0
66.0674
98
10
26
40
57
39
62
72
98
39
0
89.852
57
13
5
61
79
94
82
15
60
0
67.4619
45
63
36
52
98
49
69
63
11
0
81.7117
77
82
31
10
26
51
86
19
78
78
0
83.5461
54
13
48
69
94
10
92
29
25
85
71
4
0
96.8038
45
71
10
86
80
97
31
14
88
47
0
32.3852
16
80
33
22
100
68
63
9
45
62
62
0
83.4441
29
88
18
63
17
72
79
50
4
0
91.9384
7
27
5
55
23
97
9
59
45
80
0
63.0177
35
93
23
23
58
14
97
5
53
63
29
0
60.2195
63
58
82
51
44
73
10
36
92
86
0
67.1169
8
17
10
8
16
100
59
21
0
31.7731
40
42
94
40
59
74
53
90
35
0
44.934
22
6
53
36
1
37
65
18
96
66
26
5
0
35.7572
81
35
14
46
41
46
57
91
35
1
0
52.6624
51
11
73
40
100
61
40
88
5
63
25
90
0
47.1739
22
16
100
94
22
1
40
15
45
34
0
94.0759
86
3
54
15
8
10
22
66
93
0
24.3964
17
97
47
68
39
9
33
4
91
76
0
87.2594
86
86
96
38
85
80
42
65
61
54
0
4.5684
98
35
41
76
93
93
98
97
48
84
78
0
86.3435
96
64
26
59
40
54
41
71
10
51
0
28.3878
38
78
24
82
88
51
94
45
42
66
13
0
61.9164
87
100
12
46
3
28
11
43
97
65
74
0
78.8226
31
30
23
43
48
2
87
61
8
9
31
0
35.4634
77
92
39
68
82
76
97
2
55
38
87
91
0
56.8757
29
25
55
91
51
66
72
88
52
46
0
34.5637
22
19
27
76
78
99
3
28
81
14
0
19.7634
89
86
16
78
69
49
38
64
23
41
6
71
0
46.7528
83
79
47
41
56
92
15
55
84
52
0
49.2312
54
38
71
9
42
45
58
58
29
24
0
5.1697
63
87
75
56
4
85
48
77
89
32
64
0
0.78845
3
23
24
6
23
88
81
76
40
73
0
80.9459
56
35
96
64
18
5
13
96
33
0
28.9773
45
51
52
100
70
17
13
68
85
64
13
0
6.3246
37
94
51
38
34
56
89
40
64
0
97.9592
32
22
43
80
38
35
63
5
49
0
24.7591
93
57
16
2
75
7
41
89
7
54
85
55
0
96.4719
70
5
52
43
70
37
49
68
66
3
19
42
0
78.7281
13
8
89
32
4
95
68
56
95
12
0
38.5968
37
60
84
41
74
13
62
93
0
69.6963
50
32
88
2
59
41
31
90
54
71
0
42.55
93
84
33
75
77
98
47
70
54
7
0
17.2079
82
87
66
10
10
29
22
58
54
66
0
95.8514
39
7
24
27
61
88
80
80
15
39
94
0
5.846
59
17
46
71
28
62
73
76
37
30
0
87.8785
11
26
88
76
23
76
84
29
80
9
91
0
67.4397
58
43
94
33
29
69
78
49
75
13
0
88.9556
3
90
85
11
52
40
49
44
33
15
0
54.6893
94
53
48
25
28
67
19
93
1
0
71.8385
68
18
21
45
39
7
13
66
78
8
0
17.1548
39
100
25
5
24
53
25
96
15
79
23
0
34.2344
60
27
47
51
91
56
64
3
81
23
0
18.2641
21
40
13
89
1
73
96
25
26
98
82
0
64.2655
43
61
18
9
42
8
40
56
31
43
37
1
0
47.2316
100
99
2
98
75
23
79
45
75
0
1.3226
3
94
85
89
74
16
45
74
37
0
61.6844
21
46
94
46
9
35
68
58
0
8.538
20
36
38
69
15
23
75
73
41
0
30.7018
46
29
3
9
9
39
24
16
52
43
54
0
69.0841
11
54
62
65
62
18
11
33
60
26
0
8.2268
48
74
40
69
37
70
45
44
88
0
72.0687
86
1
40
19
29
37
29
29
63
0
70.1615
21
59
2
79
77
46
98
72
14
46
52
18
0
84.4515
59
70
6
82
31
27
66
84
8
0
17.1045
20
86
90
87
10
31
69
61
17
92
0
19.8461
53
96
95
45
11
18
11
98
50
9
0
58.2559
31
73
96
31
62
9
5
46
2
0
22.1474
69
96
6
18
97
42
81
60
95
63
65
0
64.2964
5
52
96
80
65
77
26
42
44
13
65
0
72.2914
48
28
26
9
44
53
26
66
8
0
15.5288
13
76
53
10
59
69
26
42
35
80
0
40.1005
7
96
58
28
44
2
18
9
85
31
59
64
0
40.8199
37
68
58
17
29
27
14
75
90
0
82.4648
37
51
40
16
57
14
86
41
71
3
31
11
0
68.6634
16
66
34
27
95
4
26
59
50
92
0
97.1484
57
72
65
58
65
85
21
16
0
48.1364
79
75
53
42
84
63
4
97
15
44
74
0
20.8305
12
77
97
85
90
59
5
64
19
0
64.4049
100
82
15
27
68
50
81
95
49
98
0
73.0354
63
93
98
87
30
63
41
10
3
14
0
96.0556
52
77
60
70
79
20
24
6
41
26
0
92.5135
43
100
51
98
88
9
56
37
63
0
32.729
62
21
59
44
98
55
74
55
5
19
31
1
0
2.9862
9
51
89
8
51
93
56
64
65
0
88.6017
23
27
38
82
39
41
91
54
100
0
56.0733
19
79
52
97
25
25
33
14
37
6
0
13.9841
17
77
1
61
6
76
12
90
97
100
0
41.4253
55
79
3
95
24
51
28
49
50
3
26
0
78.7604
94
19
81
77
49
29
95
72
92
55
34
36
0
38.8631
20
28
10
23
80
92
86
19
100
51
0
97.1055
11
59
54
62
84
50
75
77
81
0
9.4066
67
75
49
85
9
26
86
93
0
55.0024
63
28
74
4
22
9
3
12
36
13
96
80
0
82.7554
92
40
28
89
81
49
42
100
2
83
0
33.6644
42
27
78
84
74
52
28
22
24
72
0
63.6365
6
90
31
96
50
62
64
49
100
93
0
38.5357
16
33
50
70
56
99
54
74
43
42
0
92.052
53
5
36
90
59
95
81
33
38
18
8
0
74.6366
73
80
2
80
96
3
73
63
63
60
0
89.4158
28
36
79
87
26
71
84
77
12
82
4
63
0
30.8058
70
59
79
44
29
99
97
45
13
44
0
41.2701
97
26
50
86
42
97
36
24
94
62
49
0
34.8952
73
55
64
90
87
98
54
46
57
0
12.8134
83
91
8
45
72
90
95
25
5
0
4.6242
17
56
14
25
59
98
55
78
63
0
83.4555
92
8
71
35
37
49
26
96
49
0
83.0765
1
32
49
37
76
13
59
80
1
42
0
47.8426
37
100
24
22
23
87
54
52
69
0
16.4348
7
18
49
71
96
53
3
41
34
9
95
29
0
46.8171
63
62
74
53
3
11
50
48
16
0
20.338
94
64
53
25
45
79
73
9
11
6
84
0
1.3197
73
93
95
49
34
44
29
29
86
67
0
3.1158
18
56
54
3
18
47
55
17
88
65
0
37.6273
99
44
24
29
23
90
58
31
72
0
81.4505
62
36
11
38
71
61
31
79
19
0
10.1394
39
63
49
39
29
36
7
83
16
2
0
25.743
86
50
45
20
7
22
35
78
72
95
12
0
21.2871
4
64
46
89
15
60
77
1
60
30
0
1.7385
4
70
15
91
93
22
68
59
84
81
0
67.9851
8
46
23
50
81
31
68
69
38
57
80
0
56.1306
66
86
36
52
51
74
61
95
8
18
17
0
92.4418
100
67
87
99
31
52
87
64
0
61.9033
19
58
53
4
11
44
82
93
20
25
0
66.3422
80
20
83
98
82
19
62
46
56
41
0
62.2811
98
31
90
46
83
46
92
39
59
25
0
19.8445
8
99
29
67
84
34
49
99
100
0
32.5314
53
43
10
75
93
31
63
78
73
96
0
88.1907
97
16
2
69
5
58
70
43
95
32
86
0
7.9461
39
18
72
100
63
7
48
23
88
94
58
53
0
6.3372
38
5
92
42
50
57
14
93
82
61
0
8.2713
98
22
91
89
82
85
30
79
64
84
0
17.779
68
64
100
44
13
29
51
44
76
42
0
93.7735
86
63
55
35
96
86
78
36
15
68
0
25.3223
79
58
48
85
19
40
63
76
27
50
92
0
74.1
46
58
33
64
70
31
27
68
71
0
49.8923
73
65
26
79
23
92
4
75
88
99
0
74.6603
21
79
100
19
55
84
41
19
0
29.367
62
36
58
76
27
7
43
80
42
1
0
23.7218
74
60
31
30
53
78
86
3
83
61
0
68.1125
35
55
33
53
55
10
29
13
0
29.277
4
9
86
33
46
81
22
5
76
93
0
95.0588
42
64
67
68
41
69
60
66
42
2
0
5.4279
14
58
4
18
49
41
16
22
2
36
0
0.45106
100
75
96
66
38
31
38
11
85
69
0
74.2862
53
40
90
98
27
84
69
67
79
81
0
4.4785
49
8
80
45
70
50
14
24
94
69
23
0
14.4221
23
1
4
25
43
36
31
51
51
6
0
71.5024
48
65
22
3
46
31
50
67
91
77
0
0.20104
96
61
29
83
91
97
97
21
11
4
0
98.0319
9
12
98
43
80
21
93
70
94
35
53
0
59.4134
70
47
2
76
18
20
41
41
64
11
0
94.6358
12
97
35
72
60
94
60
17
11
60
0
98.1598
92
76
32
98
49
81
37
49
49
72
74
0
62.6764
31
86
32
15
34
79
57
11
18
32
85
11
0
