250
600
92.9121
175
175
105
120
100
139
158
121
237
3
194
99
71
189
28
98
40
126
97
239
237
56
7
29
201
0
6.338
158
34
109
99
127
54
246
41
121
230
10
130
229
112
200
145
242
219
8
200
74
132
82
74
75
107
0
9.3438
249
165
103
6
192
24
109
9
72
89
182
87
192
226
202
146
17
133
64
94
19
208
136
0
70.3065
18
70
191
52
25
47
156
197
5
179
188
211
8
85
212
33
119
16
132
88
194
185
63
237
5
99
0
76.2335
35
129
46
8
112
7
192
241
118
49
9
156
112
177
116
186
180
117
94
160
145
232
53
57
176
0
48.7955
101
192
61
167
22
136
175
110
122
44
243
17
75
248
217
3
241
153
157
88
53
109
208
196
76
210
0
62.8645
23
180
3
131
106
136
75
65
240
56
137
90
214
242
223
163
206
213
38
210
118
77
97
241
111
210
33
0
31.4153
243
194
241
69
237
111
203
192
228
21
27
148
233
198
111
138
154
154
125
128
27
0
47.9943
124
150
1
135
233
36
38
39
110
50
188
103
201
226
51
236
230
15
178
159
91
192
205
63
20
104
162
0
70.1722
227
228
35
54
47
78
35
109
122
42
165
241
41
151
211
191
10
178
203
190
11
15
185
112
172
0
68.6363
217
198
91
167
29
171
154
147
47
51
95
99
2
59
169
4
101
219
4
111
5
108
9
235
54
0
13.209
249
223
188
112
164
165
15
213
162
49
163
134
93
234
7
55
160
28
191
28
188
149
110
35
216
99
144
0
61.4683
216
99
187
244
15
225
101
21
233
56
62
78
138
146
202
244
108
203
50
129
17
182
220
0
13.2568
244
59
157
201
177
136
138
194
17
86
102
7
229
95
32
61
128
31
175
156
24
0
7.3111
149
51
62
209
175
177
128
195
159
234
235
173
247
30
217
245
198
135
167
240
198
107
182
86
0
62.7799
56
139
177
248
214
182
185
115
73
218
89
86
73
51
81
22
161
38
237
219
247
125
125
80
240
181
133
188
0
98.1445
139
232
111
26
109
219
63
185
194
13
134
11
201
158
236
132
120
198
54
250
30
106
162
126
0
13.0562
78
82
231
163
26
240
98
40
47
41
123
101
161
167
35
239
204
219
111
187
196
203
209
52
63
122
90
0
18.6367
162
194
222
204
226
249
230
250
131
115
228
129
233
30
74
222
48
107
249
70
89
215
36
189
0
49.5228
81
4
73
167
234
52
243
85
180
184
191
236
203
38
68
141
38
247
215
124
110
63
125
164
194
130
101
239
175
0
85.5154
20
100
57
68
115
116
213
233
111
191
208
6
121
120
217
141
70
140
48
219
189
70
141
233
121
0
73.9799
178
182
141
149
71
17
194
45
71
56
205
249
151
119
96
138
214
107
0
70.3956
231
147
226
27
180
53
102
74
234
170
121
89
40
115
211
73
71
155
242
124
44
69
156
131
8
66
0
31.1411
65
98
38
159
214
76
51
217
169
197
7
219
208
53
70
203
85
46
8
158
167
35
180
204
59
0
1.405
9
17
40
233
172
204
68
10
220
89
160
179
160
84
197
191
197
195
20
8
42
151
19
104
232
80
81
0
84.2703
187
213
24
50
32
228
169
183
15
123
99
151
139
18
39
236
34
157
222
29
226
6
3
139
201
146
0
63.1869
110
162
189
178
145
70
58
148
65
23
127
142
6
199
78
94
157
161
43
166
129
98
74
6
29
28
0
60.9491
16
46
40
38
115
135
208
66
146
242
198
209
170
243
228
199
223
85
37
92
79
229
68
70
0
85.9852
161
156
161
16
95
178
50
239
244
157
80
229
226
226
92
9
154
235
128
110
0
89.9613
83
37
194
43
159
81
20
160
173
2
15
161
228
2
243
8
173
250
175
78
122
242
73
212
246
117
0
54.5612
182
52
201
61
170
46
193
240
50
108
194
179
87
235
64
11
154
30
248
2
223
119
234
219
122
0
14.6784
146
187
109
177
217
122
197
192
40
141
113
26
177
141
154
64
214
100
234
6
92
188
155
130
59
234
134
0
14.3485
191
207
121
103
46
16
189
89
164
17
205
72
9
192
244
188
79
225
203
160
240
182
214
0
63.8341
32
43
243
172
187
116
19
210
87
35
33
250
117
33
92
47
106
164
9
71
88
25
72
149
68
190
0
92.033
93
218
31
110
21
209
227
89
206
141
93
7
25
174
246
246
249
174
125
212
141
32
181
121
169
123
86
0
59.8245
126
226
215
89
233
133
65
198
69
134
228
210
110
195
233
224
23
193
141
31
199
88
216
44
185
77
2
79
87
0
74.7754
80
238
25
249
166
118
215
97
143
227
102
242
223
4
154
248
67
127
203
140
203
219
146
172
124
0
69.7837
42
86
183
240
54
15
249
25
73
22
72
215
27
65
194
154
104
231
90
125
118
0
34.5789
201
199
153
198
21
243
44
72
155
7
70
153
166
107
141
2
49
109
192
182
122
242
220
137
58
0
58.7009
36
194
52
143
43
68
148
110
91
157
49
114
178
130
36
46
232
169
160
124
233
97
37
211
146
102
224
147
21
0
61.8539
182
203
47
153
103
5
211
121
100
19
237
79
41
42
169
229
95
28
171
116
43
176
34
83
89
52
236
185
244
0
42.1647
144
195
28
119
166
226
76
112
45
80
93
125
210
231
193
227
129
108
46
49
206
134
232
62
129
0
2.8224
157
215
97
233
96
70
90
193
192
63
207
85
50
180
40
190
143
221
227
111
145
183
206
31
137
0
76.4273
178
26
136
37
100
27
32
103
151
168
103
101
100
181
121
2
45
143
75
200
53
145
120
245
17
0
76.2432
237
94
72
52
75
133
208
145
15
236
215
147
50
237
107
118
4
199
147
201
40
35
225
241
246
0
39.4301
147
247
155
150
173
193
240
117
138
124
226
7
48
213
207
6
181
7
111
151
62
245
212
0
89.0647
126
98
229
47
210
157
241
122
81
10
69
37
169
154
55
224
96
40
243
119
234
43
31
59
0
60.1419
180
84
21
123
65
111
39
45
144
77
136
50
205
30
108
118
42
243
191
149
250
70
150
108
189
125
71
250
0
28.6428
178
197
58
190
40
228
17
27
58
100
203
170
247
78
213
2
38
180
46
57
102
73
200
202
131
0
45.8878
154
205
195
201
1
36
234
147
209
132
192
70
77
152
239
158
185
223
119
32
204
212
242
122
38
197
0
0.93844
65
236
183
177
126
30
140
152
163
111
220
133
186
80
141
82
34
143
199
49
0
3.5958
140
74
134
235
224
220
202
64
192
98
2
39
89
25
249
71
245
175
123
130
136
161
189
70
48
146
0
6.803
7
224
243
229
83
226
154
152
172
190
238
86
2
240
64
161
197
112
35
34
148
126
58
243
182
99
75
0
12.8028
61
3
136
7
154
229
50
78
69
44
245
156
53
234
49
142
175
38
85
42
26
33
155
98
219
46
0
65.7709
191
220
248
126
1
246
148
68
174
210
124
115
202
160
7
115
30
137
109
245
161
229
112
204
157
0
18.4443
100
180
48
205
29
145
177
81
116
123
187
43
244
208
68
19
12
99
94
210
148
139
243
125
0
84.7882
224
223
162
106
220
12
237
94
145
178
53
165
193
192
140
44
240
8
88
242
101
119
9
87
149
26
0
0.32733
56
207
130
182
194
169
48
233
137
50
173
144
230
9
32
185
184
161
21
226
220
181
173
134
93
0
21.3025
165
48
166
167
75
79
27
73
249
91
97
233
87
81
52
28
36
7
214
0
52.3111
195
9
86
27
82
91
165
196
24
175
50
97
12
190
249
2
140
217
191
241
208
215
17
181
32
0
79.1465
184
248
93
242
203
135
237
187
154
131
130
128
241
108
205
60
16
247
208
177
93
61
238
243
219
237
0
34.2571
201
120
158
164
212
108
100
5
87
218
89
19
90
114
19
174
191
210
164
124
58
168
235
95
177
0
79.5496
210
171
179
153
171
98
179
58
74
137
28
248
61
112
239
69
72
50
157
64
114
223
29
47
205
73
0
85.8995
46
247
114
53
151
181
13
102
243
91
197
230
161
32
222
120
141
216
46
241
179
73
1
162
0
83.4986
94
244
133
10
111
158
133
206
173
179
249
44
175
61
159
21
30
197
115
105
153
0
56.7788
168
75
120
185
218
196
67
103
191
218
125
43
41
210
66
148
229
152
96
151
151
79
144
150
0
30.4392
147
94
186
166
89
48
51
79
161
142
137
118
161
185
167
75
150
159
31
98
39
82
0
15.9156
247
188
56
107
193
133
167
233
162
68
109
97
245
16
88
27
9
188
5
64
249
173
146
0
28.6601
167
120
87
12
226
111
106
187
43
243
204
46
125
6
246
185
157
235
96
10
65
78
70
0
69.6073
186
231
108
63
163
40
130
114
141
15
85
50
135
145
148
43
221
98
20
42
215
205
45
213
37
203
0
10.2838
163
14
176
65
186
183
250
137
206
175
131
156
111
227
120
5
97
91
91
116
42
164
80
100
139
217
101
31
114
0
37.2038
21
113
11
37
190
106
85
174
227
8
159
218
176
179
44
102
6
240
74
148
192
194
137
97
112
104
51
18
0
59.927
107
5
93
174
124
83
47
189
55
193
168
223
116
123
154
168
213
233
15
152
197
86
75
234
0
75.5284
48
64
224
158
5
217
18
242
113
159
31
98
233
116
225
13
165
156
33
58
159
25
126
180
0
84.1993
204
230
221
104
9
238
105
216
200
39
161
135
136
237
114
54
61
250
196
203
213
194
77
149
93
44
181
170
164
189
0
35.1349
132
19
158
158
52
178
10
62
81
24
73
164
105
48
103
74
246
59
229
31
159
95
171
139
212
0
80.6224
225
17
155
72
48
245
73
148
135
156
75
158
47
150
120
35
69
6
55
111
37
52
68
137
238
9
0
42.0876
52
159
162
89
144
202
249
125
208
125
167
178
226
181
62
214
204
101
19
87
175
91
226
217
108
0
58.4787
202
17
220
78
119
121
116
125
244
184
230
109
45
115
139
123
93
124
49
0
58.5013
147
113
112
177
111
97
43
168
194
240
185
51
52
142
157
92
207
12
143
180
170
179
31
36
73
212
107
53
16
0
80.3772
175
83
62
204
40
206
194
244
12
59
76
67
215
234
75
194
219
85
167
217
212
5
113
0
14.4819
113
27
82
201
149
206
204
192
226
164
63
15
148
108
87
47
7
162
52
159
92
203
228
138
169
204
170
28
0
18.515
121
152
230
211
129
211
4
93
77
141
76
69
145
49
64
133
22
98
204
189
24
231
85
0
21.1297
63
122
41
59
225
140
151
196
242
129
165
207
189
57
26
110
227
171
225
159
44
241
122
44
82
57
1
0
68.073
215
111
57
240
29
17
113
206
122
226
128
87
217
161
78
124
138
73
27
84
180
69
43
16
184
0
10.1948
172
151
176
177
166
66
15
79
204
158
138
18
221
74
6
141
166
186
6
180
120
38
0
83.865
244
161
180
225
110
59
188
75
234
214
194
46
243
200
92
53
60
4
156
28
222
62
198
218
245
141
45
33
0
25.346
231
138
31
160
173
15
117
42
141
21
67
149
104
5
74
163
134
90
197
226
65
74
162
249
0
19.4699
177
32
242
88
115
187
36
120
168
249
75
188
105
59
201
13
244
185
123
126
22
117
107
115
237
0
55.071
217
250
221
247
3
36
26
70
138
74
232
29
77
183
63
74
198
201
22
132
165
29
205
24
178
148
83
235
79
214
0
92.0688
139
24
163
160
79
69
20
40
124
60
124
10
14
227
35
84
24
71
231
183
77
116
106
0
69.7632
223
154
232
41
212
142
204
114
124
250
83
98
82
116
208
113
99
121
176
191
186
7
13
122
0
42.8152
31
4
127
101
86
181
140
16
216
230
92
197
53
60
124
18
83
218
72
119
38
200
217
0
2.3238
136
107
49
81
46
63
14
182
240
26
33
121
123
236
19
219
209
228
184
160
134
187
70
95
0
21.4681
178
98
126
125
31
50
54
56
73
15
7
135
15
21
115
177
183
7
190
127
32
185
106
109
91
246
0
68.0854
244
119
173
249
76
207
19
159
226
245
70
165
69
112
156
163
245
232
22
76
152
16
20
152
221
168
205
89
0
42.6092
133
196
190
244
243
149
166
30
130
71
191
226
243
162
69
172
151
121
195
60
78
92
161
0
43.7481
219
240
22
249
199
70
109
247
152
219
53
13
229
211
245
54
154
207
250
120
28
166
144
234
116
212
186
212
0
37.6763
13
154
81
132
237
208
128
82
247
211
86
16
8
73
199
18
188
228
164
182
72
83
218
158
119
119
0
11.0817
77
88
17
225
137
206
170
81
98
62
167
126
159
66
206
246
247
190
19
71
147
100
203
191
60
168
0
9.463
79
85
124
102
100
64
74
50
233
190
216
106
206
57
239
249
33
80
86
123
136
81
155
227
212
243
0
45.5312
82
146
14
216
114
87
203
141
2
62
115
222
231
55
47
117
99
64
27
197
249
79
105
86
150
26
42
129
0
76.472
1
76
246
119
152
47
164
3
191
46
191
144
140
120
116
235
131
17
6
105
211
152
207
119
0
56.8818
124
124
201
203
166
137
72
28
204
66
117
177
88
14
120
5
106
177
155
54
107
0
80.495
27
149
2
214
131
165
144
9
114
168
221
13
127
37
242
30
80
121
46
160
48
222
113
119
159
106
6
0
35.6965
221
243
49
105
69
120
48
90
35
136
158
136
130
30
224
190
70
226
242
42
74
227
23
169
8
27
156
0
86.7738
61
50
58
50
199
229
3
55
240
145
238
135
56
95
15
124
53
148
13
177
100
85
185
0
54.2181
128
48
53
29
60
98
73
85
78
162
60
11
15
237
127
223
192
20
34
97
40
152
199
107
182
167
94
5
130
0
68.8544
139
181
37
17
183
216
108
13
219
36
131
86
241
77
127
212
13
146
126
235
197
177
56
44
222
59
42
0
44.4574
182
184
158
76
205
81
118
43
235
142
86
82
236
31
4
65
190
139
181
146
171
128
114
0
15.4445
180
7
51
93
214
129
100
32
3
45
186
222
131
43
215
45
11
200
241
76
86
164
210
123
206
45
213
0
55.2245
214
18
59
209
207
173
29
106
155
248
148
95
80
61
201
56
22
119
174
227
215
191
173
212
194
31
143
189
0
69.9287
42
193
159
86
12
1
222
80
142
148
135
190
234
135
250
101
159
154
120
159
58
39
4
0
30.2144
100
33
48
219
148
13
177
191
22
109
115
137
192
118
10
43
90
49
246
2
4
143
147
47
160
72
197
217
33
0
28.348
190
41
224
79
15
139
209
36
234
135
170
18
148
118
38
187
245
91
102
15
236
231
94
0
72.8283
207
233
18
136
157
55
174
1
18
207
145
207
84
76
39
186
73
224
120
48
71
208
154
179
0
44.6696
79
186
50
77
151
13
215
129
165
193
169
96
221
157
58
9
25
201
70
91
119
45
114
149
97
17
236
91
78
0
36.5117
159
154
223
98
44
37
25
110
103
199
200
63
43
239
83
240
177
96
14
116
55
173
211
52
118
96
72
0
46.8485
154
216
30
215
84
15
19
50
236
244
30
107
18
183
130
147
38
32
226
139
24
55
146
0
30.9591
201
27
170
9
177
170
183
88
210
149
193
112
37
92
156
182
157
235
77
33
243
199
170
0
2.7981
193
245
41
185
142
75
189
232
61
60
47
129
124
154
104
235
168
179
48
201
49
106
205
159
168
54
221
0
67.4609
26
4
36
88
13
119
238
152
246
237
162
90
158
95
18
117
69
28
174
214
89
179
225
218
0
37.2674
10
177
137
169
22
162
214
41
26
147
15
7
101
211
211
127
99
56
42
92
66
106
189
52
12
0
91.8662
69
189
144
58
163
117
66
31
1
3
137
161
24
89
197
39
180
119
234
188
160
147
25
63
150
0
37.8073
136
97
141
96
30
110
101
242
40
224
136
168
190
153
161
190
142
118
137
116
79
115
129
153
118
23
0
54.9788
120
129
224
231
87
63
84
93
22
94
71
225
18
135
67
73
65
134
153
192
188
142
0
81.3524
139
102
176
140
167
166
16
69
154
7
53
119
191
209
2
237
214
134
240
203
77
208
56
249
141
208
120
192
0
99.8562
160
9
75
180
109
207
225
6
216
32
174
183
166
144
20
219
154
80
223
25
20
101
176
0
92.0089
217
133
30
167
39
145
126
130
37
201
84
187
54
233
134
133
52
143
121
116
188
188
222
226
39
76
210
0
19.2812
132
8
199
69
52
39
59
153
217
110
126
179
204
138
184
34
77
209
74
123
146
236
192
100
74
231
180
142
0
63.4816
195
245
169
144
234
168
157
35
56
44
163
26
48
143
54
102
28
191
164
49
4
0
8.0608
176
209
212
112
90
81
205
184
231
139
99
137
64
48
220
172
244
4
82
52
61
62
238
46
0
58.0158
73
19
60
6
147
209
146
88
163
73
139
11
167
186
18
181
248
140
216
108
59
148
141
244
227
60
0
59.0391
18
43
137
207
114
177
7
250
169
114
98
83
235
135
161
111
35
137
66
28
223
41
143
88
86
108
215
41
0
42.0197
105
51
144
20
211
204
134
77
205
148
84
52
31
245
224
44
154
31
26
14
198
164
17
138
120
128
0
82.5553
33
2
24
151
240
82
101
49
1
208
88
17
71
60
62
82
1
212
202
248
161
70
1
230
100
58
42
0
46.9836
224
51
99
34
215
115
239
231
202
126
225
48
99
166
24
12
242
202
86
8
14
45
14
152
8
26
0
87.7512
249
235
36
14
229
167
211
180
93
9
107
199
116
45
68
11
161
143
160
8
122
141
235
18
0
56.7262
39
130
123
127
180
161
47
96
60
18
244
139
83
244
153
245
227
121
131
162
241
207
40
96
50
172
107
149
0
56.3905
201
64
143
68
36
172
136
181
101
15
182
213
234
77
242
168
68
102
59
207
58
83
104
4
120
211
0
8.1307
55
36
163
198
94
247
227
67
90
93
107
156
111
17
140
228
10
215
236
35
178
30
29
6
183
138
12
0
46.1951
27
63
203
248
136
151
166
219
247
164
141
142
96
61
152
125
75
120
138
143
68
20
148
21
94
103
82
0
97.2669
117
169
146
162
74
104
129
167
74
79
43
141
75
108
6
171
239
43
217
148
0
75.507
82
225
220
48
28
122
144
177
240
225
30
214
250
67
133
240
72
126
16
211
56
65
64
207
195
199
113
0
31.6405
30
76
102
170
82
195
202
106
25
88
240
243
89
214
116
230
107
130
238
123
129
0
88.4528
75
166
88
118
67
196
219
226
98
170
117
107
49
122
86
224
107
205
52
147
104
16
91
118
172
202
225
142
0
73.0394
6
194
18
122
247
125
228
75
108
128
99
163
153
3
160
241
31
55
66
163
174
70
174
178
224
0
10.8578
133
100
164
12
170
67
131
216
23
176
226
53
190
38
64
123
19
44
228
119
70
29
182
7
0
94.0047
216
81
216
34
240
186
80
128
125
75
225
156
44
174
216
241
246
124
42
58
177
58
119
192
129
78
153
92
215
78
0
65.5742
32
68
36
106
174
220
149
165
170
244
133
46
218
215
140
3
230
55
80
64
0
59.3034
36
168
142
237
139
248
238
7
61
9
174
235
47
77
238
229
188
26
100
190
31
47
48
181
167
116
0
39.9828
29
203
157
110
9
202
118
242
178
200
77
196
67
167
213
94
133
120
164
229
78
2
4
85
176
170
0
24.946
153
207
191
107
212
28
158
154
60
237
153
8
131
188
248
170
228
207
83
104
207
46
135
0
57.6011
230
240
86
93
250
108
21
72
191
40
203
125
165
175
249
45
168
137
234
76
191
8
113
0
87.7723
58
225
28
67
24
185
181
30
19
145
140
143
34
81
61
190
97
92
236
39
96
83
4
92
90
227
76
0
91.3658
214
195
186
228
158
245
101
129
167
162
76
174
237
134
102
241
85
164
65
71
13
191
41
74
154
131
0
66.3694
24
40
19
176
174
193
54
101
188
155
122
139
44
152
61
233
103
207
94
214
103
162
78
159
0
26.7272
181
102
248
121
153
147
121
107
31
197
27
182
4
10
85
39
84
141
11
224
165
206
160
213
40
82
83
204
0
90.6654
107
126
6
223
86
88
182
58
169
213
118
217
107
202
150
218
62
149
58
43
246
235
93
0
38.1707
142
60
11
185
243
220
185
220
141
19
187
149
142
57
154
105
192
199
78
173
192
139
55
229
146
0
51.0064
119
95
185
80
199
13
189
4
120
119
52
100
238
173
69
15
52
32
151
200
243
220
137
149
51
9
205
39
47
20
78
0
15.3262
4
104
11
73
36
199
236
111
194
191
154
152
6
203
3
30
183
242
12
225
118
81
103
129
58
131
222
0
14.4563
119
244
156
155
240
5
123
236
145
121
94
100
127
119
14
158
47
245
42
145
194
116
184
237
241
132
0
86.8227
151
202
91
55
58
112
13
238
83
18
31
7
106
47
164
145
227
147
175
19
137
165
18
0
49.9231
97
168
146
67
182
36
94
177
15
188
70
57
77
146
213
167
174
16
219
160
1
62
205
141
113
190
51
0
96.9136
155
158
238
219
213
174
40
116
38
123
71
81
176
92
84
122
101
189
9
94
133
86
15
27
151
71
181
0
65.6638
187
39
160
61
9
34
169
80
113
29
191
167
232
227
62
147
245
220
82
13
3
204
231
245
0
34.9558
195
160
179
119
183
187
5
58
134
108
94
92
56
19
73
66
4
52
126
62
233
87
76
0
91.0116
104
50
170
226
205
87
161
92
46
168
227
147
152
22
97
24
127
38
146
39
3
193
212
43
223
181
100
0
93.8444
165
54
137
37
62
230
76
100
243
158
59
48
224
171
227
45
185
6
42
95
0
32.818
7
36
33
14
83
250
194
161
195
110
242
243
43
66
175
110
140
231
123
98
138
38
118
211
0
34.1775
154
230
213
47
87
240
93
52
139
35
10
87
159
170
182
30
34
142
64
113
36
140
177
122
0
97.1975
196
41
163
160
87
51
64
54
8
234
226
32
6
246
127
142
132
208
146
81
129
12
95
239
0
38.3974
103
74
184
104
37
194
128
122
1
27
69
184
245
57
66
213
221
233
71
225
27
178
245
203
230
0
81.8659
178
80
5
144
28
222
179
228
50
230
120
105
209
235
234
85
63
24
108
208
165
83
120
156
94
10
0
93.8162
98
18
208
65
149
100
100
154
28
197
54
215
74
37
132
7
187
26
88
245
224
154
118
165
35
143
0
54.0029
106
47
68
1
139
236
234
212
160
4
115
47
249
56
170
171
127
61
182
221
85
181
219
195
0
14.4752
181
216
55
138
97
137
238
129
1
70
112
137
18
176
194
140
206
240
162
143
30
107
182
0
54.7336
147
47
22
216
231
35
37
183
179
4
217
42
214
122
127
70
15
74
4
9
40
214
140
112
108
229
242
226
117
22
0
74.5078
21
167
206
242
39
169
158
49
100
162
63
162
166
147
79
211
72
219
27
17
229
120
100
18
146
79
41
0
50.0903
4
158
246
41
104
113
13
50
209
234
246
64
82
152
201
154
34
247
96
243
221
104
177
54
150
41
242
153
137
0
21.3772
154
125
222
186
77
26
147
143
25
116
113
225
163
200
54
169
65
188
144
23
204
129
159
74
228
8
0
20.6478
241
86
106
100
11
36
235
224
28
220
190
135
90
67
94
57
192
167
153
99
83
124
215
113
225
50
126
0
19.5892
41
229
241
198
93
76
82
148
200
49
16
225
158
43
39
224
90
35
0
1.2924
100
208
97
34
218
55
120
208
141
99
74
105
78
53
204
17
169
128
238
70
110
227
250
57
0
18.9106
144
147
198
141
142
17
125
125
207
63
213
58
117
145
8
225
189
134
164
82
111
14
42
205
0
26.7564
226
172
187
21
30
176
45
31
180
170
48
116
226
50
131
247
216
228
26
225
72
79
246
195
0
90.6229
37
15
37
92
138
7
213
245
84
169
130
243
244
161
15
140
180
125
158
217
32
241
112
44
0
34.8909
202
207
223
137
249
191
62
222
83
163
163
140
204
119
229
238
45
143
241
187
146
0
44.6402
88
61
34
86
117
85
32
20
239
87
216
243
196
187
231
126
201
13
121
207
162
162
159
238
89
72
141
0
32.9745
36
75
220
18
188
170
156
168
146
174
80
48
190
202
232
139
11
124
9
201
174
179
66
203
30
0
95.1093
192
163
49
2
240
149
44
215
66
66
142
73
213
146
99
208
162
42
92
79
18
62
41
15
220
0
21.4515
7
213
4
119
94
11
227
236
61
25
137
94
178
73
127
184
248
176
156
222
232
17
184
57
60
77
0
76.828
49
43
105
116
71
231
139
29
169
99
115
49
202
43
234
2
135
152
45
225
99
157
113
116
118
0
73.536
138
80
7
27
105
242
92
126
100
202
104
19
59
145
27
196
63
16
241
142
170
137
224
108
0
44.4724
29
224
119
158
128
242
128
208
75
198
53
152
72
65
44
152
233
46
110
84
27
116
35
147
144
19
175
78
239
0
68.3146
218
71
161
151
28
117
231
246
136
110
42
122
179
111
245
236
214
160
59
68
94
147
89
109
42
162
127
0
59.7819
231
232
53
135
58
33
54
55
147
208
123
89
8
238
138
191
52
119
250
70
26
156
95
112
107
117
0
91.0209
50
161
28
103
5
203
81
28
28
9
238
20
207
138
100
57
227
7
166
185
142
214
49
162
0
78.5488
208
151
72
54
82
126
198
166
34
191
62
4
211
62
95
228
112
113
125
82
189
121
35
165
0
45.7779
195
182
196
19
117
156
111
241
123
72
17
226
64
34
69
206
150
192
61
188
184
108
151
0
68.3456
160
42
61
228
159
242
82
240
69
96
72
166
51
21
83
233
177
212
40
80
0
54.8639
61
31
210
249
198
250
243
100
169
124
139
5
117
107
93
108
105
99
187
110
2
0
37.9045
160
204
197
133
199
72
55
116
88
112
115
182
112
127
78
2
172
207
204
194
137
0
20.2507
91
93
26
61
49
106
171
168
186
217
159
237
213
54
205
139
44
104
104
91
67
12
85
0
71.912
128
129
133
226
183
117
85
113
39
117
56
45
71
141
33
199
203
57
1
189
3
4
215
236
213
85
0
13.388
18
41
45
99
10
103
212
157
25
40
112
95
75
181
41
200
170
125
96
164
58
204
0
82.9367
197
40
1
113
220
122
117
122
106
73
172
147
241
37
105
44
132
29
209
121
156
50
185
188
142
76
247
0
34.7581
61
121
180
13
48
54
214
232
50
244
166
48
103
6
62
29
80
149
118
98
141
175
159
181
132
214
29
140
238
0
25.9213
172
21
244
193
91
237
136
60
181
192
102
203
182
123
224
122
207
112
89
197
211
69
56
74
245
163
123
171
0
52.4069
31
20
138
84
154
44
202
248
29
151
48
12
93
177
108
101
66
213
47
155
47
182
167
238
97
63
0
92.643
161
179
37
165
93
86
24
243
198
208
165
134
14
174
83
29
92
59
152
85
190
232
23
59
216
67
144
202
130
0
83.7282
136
205
178
179
152
68
142
150
119
39
212
109
159
184
203
141
8
93
13
103
240
124
10
150
23
21
93
105
0
66.4955
149
171
100
139
215
87
144
58
49
249
15
130
197
49
128
49
170
116
58
144
26
9
18
147
132
138
24
214
78
0
97.3594
190
203
238
69
81
101
50
128
56
216
150
81
192
70
233
102
17
86
15
30
159
198
196
170
68
134
0
0.95194
34
50
80
155
170
113
24
70
151
111
38
198
95
216
188
101
166
129
37
105
191
191
76
212
0
41.7986
113
41
163
4
202
52
134
216
44
230
23
67
82
145
135
134
150
134
178
103
53
37
124
243
241
0
85.4536
171
173
26
93
13
173
234
92
132
125
117
5
31
206
116
84
192
120
43
5
99
138
147
179
66
0
36.808
158
139
125
134
159
50
73
241
224
152
241
79
166
14
41
47
38
6
203
123
198
0
30.0158
36
183
133
16
42
191
94
92
107
85
3
64
159
109
166
51
178
152
140
201
79
93
130
161
238
0
11.5397
156
182
183
218
88
241
165
18
77
103
203
203
24
56
47
53
194
189
47
154
215
170
89
44
105
0
30.8624
26
169
156
107
157
102
151
137
23
22
117
187
13
114
207
160
240
27
2
85
208
80
201
152
10
32
2
103
0
37.3833
43
108
208
75
29
135
149
226
13
21
77
18
165
68
137
49
2
188
155
180
66
49
84
165
222
91
0
57.9212
36
168
193
76
231
126
131
217
23
8
26
180
208
80
132
188
217
200
120
180
101
139
92
124
0
96.9662
182
54
79
90
76
227
117
181
68
93
137
201
75
217
179
125
187
204
249
235
31
134
43
0
15.7379
126
49
41
43
28
189
10
39
93
226
123
69
213
149
195
72
91
247
173
78
125
156
0
86.2439
100
152
76
239
234
196
69
131
191
36
175
167
92
197
39
199
244
245
151
141
222
2
250
0
33.5116
92
124
40
163
183
162
247
72
3
232
89
148
28
185
187
123
106
156
10
69
189
234
175
41
93
149
154
233
0
85.7059
26
194
46
190
58
45
33
113
136
158
141
196
192
40
34
204
87
142
199
84
211
247
213
80
0
73.2109
54
77
236
228
119
146
78
78
237
26
37
197
146
240
235
68
9
98
137
96
116
209
104
107
103
222
228
134
0
59.7027
17
191
232
176
51
162
200
182
192
222
190
135
133
153
225
24
132
31
215
37
189
7
214
231
113
18
191
0
90.8358
130
144
171
121
220
217
116
131
224
235
131
227
93
122
10
30
129
233
222
173
128
138
213
67
168
23
121
0
50.8181
52
96
17
33
170
2
104
191
175
47
160
91
241
240
107
213
142
30
204
95
187
227
241
125
193
0
32.1263
163
177
244
120
20
250
58
179
55
75
122
195
77
43
229
149
35
2
47
238
110
153
42
0
18.0334
154
90
204
150
69
166
127
95
35
23
57
71
207
245
7
29
55
212
105
1
65
63
168
157
34
0
80.5654
36
33
153
197
134
240
180
172
245
28
162
146
57
74
14
27
10
114
56
100
211
81
141
70
247
163
85
143
37
0
94.8483
221
80
245
41
177
124
207
132
41
65
248
30
176
110
181
102
244
122
149
220
130
80
92
209
11
184
221
129
0
32.0203
137
211
166
142
21
77
4
43
156
164
32
134
125
152
108
137
48
182
106
189
75
20
10
0
16.9852
196
12
206
47
237
133
51
109
34
30
149
200
82
167
179
139
61
86
78
226
122
174
218
101
243
190
19
0
99.8667
58
199
152
71
217
149
161
214
231
233
64
224
201
114
178
48
88
163
121
165
159
230
116
61
53
0
86.6485
198
240
121
22
7
137
135
158
243
19
202
37
195
176
169
98
65
221
138
57
175
33
77
0
61.8843
227
212
173
199
42
44
69
29
196
250
72
42
39
30
122
95
19
204
41
83
89
0
68.7019
216
53
198
15
203
151
69
230
158
214
87
172
69
139
142
202
36
119
104
239
215
160
88
125
89
217
198
213
84
18
145
0
25.6306
95
144
33
221
139
139
179
47
40
182
135
138
217
124
138
68
238
247
159
40
108
55
216
48
212
156
238
207
0
48.9575
116
43
215
27
85
222
71
220
178
87
72
104
108
229
225
243
198
167
62
63
161
121
78
115
28
168
127
0
1.0156
147
180
170
91
60
197
137
169
126
116
247
19
127
246
171
109
103
83
125
155
0
10.1109
111
249
243
171
26
107
109
77
24
138
249
120
110
226
232
221
185
119
167
59
4
67
219
0
30.4916
33
103
53
21
110
18
135
34
173
3
227
127
59
196
83
59
208
13
131
213
52
98
123
8
53
132
197
42
92
0
68.3106
123
114
156
181
42
22
209
71
184
137
45
199
122
123
6
242
246
106
237
133
146
83
83
102
207
192
0
56.6498
142
243
2
162
7
39
85
112
75
96
109
11
132
94
218
165
178
18
219
243
150
226
223
168
186
37
89
85
0
10.0318
27
173
201
89
169
224
108
185
32
241
87
127
216
180
25
164
40
40
186
105
232
139
116
57
164
0
90.7669
166
59
73
49
158
25
217
84
69
146
29
88
170
143
216
199
123
92
193
176
35
63
10
0
98.7685
41
6
98
72
220
173
163
183
195
162
3
235
85
165
226
79
193
113
52
250
15
96
46
16
37
92
0
31.0989
212
157
107
57
105
139
139
232
163
17
75
178
177
130
157
53
157
166
176
196
46
172
221
248
99
21
200
81
171
0
58.3151
207
207
97
233
104
212
135
171
241
82
222
148
32
116
68
201
147
65
30
203
144
244
147
207
158
209
78
0
85.8025
222
215
60
203
110
4
105
18
142
140
129
11
112
206
173
199
100
248
156
159
169
144
0
46.9354
203
108
184
16
241
249
165
10
41
94
194
115
124
113
110
74
218
145
88
96
56
249
84
248
0
47.2372
130
198
9
113
157
171
73
245
68
202
48
237
55
77
206
240
189
127
11
231
238
98
172
78
95
0
89.9931
198
134
137
132
96
109
224
18
96
174
122
112
213
194
236
141
22
165
224
120
65
118
0
70.773
224
71
116
242
53
98
138
117
181
131
167
189
152
92
223
32
183
151
181
150
40
246
239
239
10
0
87.1698
247
77
136
101
50
230
245
20
119
242
228
97
45
91
222
130
167
14
237
78
208
44
179
147
0
79.4377
241
211
147
164
89
200
198
7
243
15
208
233
3
242
168
40
181
12
163
29
51
166
218
234
113
0
3.3353
74
56
146
120
200
146
101
69
106
182
114
201
104
211
7
152
127
194
105
22
244
0
88.9888
136
153
213
117
168
14
139
68
144
39
131
154
201
25
111
132
193
19
227
134
224
51
188
41
178
250
209
0
69.5732
34
219
194
92
179
228
27
186
83
64
142
65
36
69
7
235
95
93
239
100
132
171
33
209
196
74
155
212
0
47.389
50
66
206
203
245
41
138
197
208
142
172
67
232
230
65
41
82
209
64
200
250
46
17
87
226
0
62.1533
59
210
144
172
130
22
55
66
141
246
247
210
45
87
175
43
41
190
85
51
135
25
0
32.2131
121
166
200
78
135
17
237
214
21
52
48
241
202
24
134
110
184
116
47
151
124
152
111
130
28
122
155
0
34.9436
17
236
176
152
111
220
172
104
15
41
144
169
210
77
159
89
76
109
240
107
115
48
40
34
61
114
196
0
72.9903
61
135
151
27
136
52
102
176
11
94
7
67
208
176
220
89
52
34
125
13
208
104
53
235
170
160
0
31.3147
136
215
201
99
206
177
146
103
135
39
54
62
244
94
222
245
99
106
240
196
54
250
113
149
191
73
181
224
0
84.6991
45
37
22
1
242
39
73
126
219
169
188
77
7
160
129
77
53
223
67
104
205
75
205
0
36.1565
27
232
47
210
32
77
3
68
71
138
67
138
160
150
76
23
88
228
205
221
170
138
213
24
40
0
74.3652
244
5
174
225
61
88
12
120
233
89
150
176
214
208
158
236
50
200
215
188
213
9
48
146
208
0
89.7509
121
217
92
165
151
25
130
148
185
75
140
214
178
237
152
205
140
70
83
171
113
7
58
5
0
69.0642
230
22
82
27
111
250
184
49
163
82
22
106
208
50
158
241
60
191
104
58
131
187
145
224
52
109
0
89.5244
111
9
48
2
135
112
220
193
12
248
217
68
123
235
250
106
55
89
39
194
194
197
83
229
152
168
33
70
0
46.9741
5
68
23
171
198
3
83
106
122
228
129
238
101
106
142
56
60
219
104
89
204
216
86
113
191
0
31.5239
193
164
188
56
144
204
3
209
97
57
45
167
215
41
247
179
216
3
142
29
105
146
70
128
74
0
46.1315
189
110
111
222
136
149
232
202
116
169
22
81
117
150
76
103
130
242
206
108
39
245
234
146
150
173
135
227
0
93.566
225
182
76
69
12
17
140
192
6
5
234
141
219
52
209
246
79
139
188
189
233
116
216
0
77.9673
52
51
196
203
12
156
188
102
26
174
57
225
2
93
118
63
154
139
117
114
125
69
109
169
141
131
180
0
90.565
105
154
11
117
5
150
152
177
76
178
88
23
168
112
122
180
103
38
29
79
12
219
221
119
0
88.4481
63
125
21
7
224
176
120
180
210
222
154
201
234
159
114
54
136
185
202
179
109
181
89
127
121
166
8
246
0
24.3994
177
54
241
143
205
149
249
10
100
131
62
109
103
210
31
154
75
103
159
0
41.3735
239
221
152
96
125
110
231
146
237
238
88
6
147
211
156
199
122
191
198
37
9
174
219
83
124
144
206
191
0
0.78796
130
235
228
33
12
104
219
238
92
113
126
133
68
54
182
158
51
43
128
136
203
184
114
187
146
180
0
42.2733
234
208
107
189
137
32
2
56
136
157
146
31
25
229
146
61
108
9
168
172
196
159
34
69
0
49.1051
39
97
239
195
52
81
190
74
117
178
219
187
164
132
8
27
137
14
244
125
4
238
0
60.2282
92
77
92
200
237
108
4
141
239
98
207
28
224
76
62
107
88
128
52
161
82
85
230
69
164
157
0
3.9268
147
197
27
192
196
33
47
248
174
129
204
76
147
138
145
129
235
230
154
51
208
108
239
151
0
28.9121
20
180
123
74
128
25
165
120
204
158
128
216
124
66
78
108
239
38
134
147
46
158
176
0
35.0197
154
231
13
220
18
158
245
189
11
243
34
49
10
72
161
40
213
66
109
91
170
64
14
22
0
92.0172
115
104
110
224
204
180
191
90
78
170
169
240
248
113
119
193
211
118
141
165
135
89
174
34
130
0
37.5455
89
18
204
83
126
48
246
7
134
92
42
25
116
173
93
34
179
208
231
138
161
62
156
0
67.5082
184
146
21
196
85
98
120
190
129
45
147
16
198
159
189
217
191
155
66
224
214
179
230
244
231
224
0
85.9733
234
125
67
122
28
245
90
227
174
12
58
201
208
242
60
133
4
198
200
185
8
180
170
115
0
28.8922
56
205
24
144
250
217
39
64
76
38
93
161
204
158
196
186
1
99
231
28
171
106
38
233
213
0
6.0499
2
197
210
204
64
247
95
137
141
186
234
67
196
98
126
122
113
18
190
17
107
100
23
217
218
0
17.4989
83
65
144
139
78
34
250
151
1
15
61
192
112
17
239
80
248
225
159
207
116
249
60
9
56
150
6
246
17
153
172
0
31.4461
113
102
16
193
17
34
30
16
161
161
26
180
85
19
107
138
61
73
122
201
61
53
90
2
248
235
122
0
79.4766
235
184
246
55
29
176
61
68
144
65
163
139
165
66
65
39
187
30
13
110
231
87
246
31
0
10.096
113
97
121
108
200
97
229
112
203
106
60
127
25
188
142
205
191
210
41
171
40
130
0
19.6603
90
54
186
242
179
124
85
117
181
88
76
63
206
12
102
238
32
171
185
235
134
28
0
97.6127
45
20
104
80
5
123
7
142
179
38
141
168
150
127
7
4
50
145
152
216
244
133
238
248
216
19
184
192
0
17.0826
136
130
213
143
246
44
219
36
150
170
115
105
176
36
159
37
50
45
85
83
205
229
24
172
79
34
155
59
149
0
47.863
98
249
34
200
21
53
108
120
115
126
57
112
109
204
206
91
100
29
23
19
146
13
212
0
37.8468
148
212
68
72
102
111
87
193
179
139
121
242
245
20
115
188
12
233
213
195
210
99
149
159
109
74
199
246
179
0
25.3082
167
172
39
16
42
9
233
114
120
135
192
85
223
158
16
205
209
152
132
111
44
227
51
178
238
20
241
0
62.85
59
76
137
42
248
56
198
167
69
79
117
113
235
164
84
171
140
238
188
192
24
170
200
200
132
0
40.9745
2
119
214
62
33
211
18
198
64
28
5
3
174
110
98
192
58
98
102
116
178
93
103
208
196
217
0
80.1157
189
95
191
100
188
219
55
157
147
149
250
170
163
107
189
136
118
175
30
198
217
0
62.2639
62
55
238
157
157
3
141
199
215
78
151
171
178
179
190
164
159
13
135
226
120
61
76
213
0
27.8086
5
147
117
208
187
110
10
208
59
63
190
139
212
188
145
243
118
238
22
182
250
99
181
52
122
109
0
85.5245
1
155
31
110
126
211
169
204
191
159
209
33
102
37
49
250
14
138
32
140
208
49
11
171
183
200
221
0
40.1808
206
248
43
207
232
47
186
216
227
212
99
183
199
196
240
171
7
195
23
215
29
202
163
116
0
15.8252
4
231
210
28
114
130
11
217
174
26
185
154
244
222
196
23
228
240
200
45
147
229
200
96
177
186
0
42.369
107
59
6
129
28
55
188
90
121
143
227
50
199
190
137
132
83
101
39
114
171
248
133
215
90
206
58
166
112
0
24.7244
147
174
24
194
87
236
250
13
238
83
23
188
111
133
51
200
140
148
194
160
189
155
86
92
0
55.4054
129
94
72
40
211
63
123
144
121
240
206
160
41
225
115
54
71
38
240
61
83
237
92
121
0
99.4858
169
33
218
8
206
29
40
145
221
195
192
204
4
143
182
156
125
61
151
3
149
80
138
95
21
0
91.982
232
157
122
181
135
178
92
167
193
201
178
80
120
237
72
58
115
198
59
248
9
234
214
227
221
19
0
78.5759
214
24
154
87
182
81
177
153
68
144
16
215
218
25
173
86
247
220
23
6
29
157
70
210
228
0
80.3086
117
60
150
87
37
73
10
184
184
126
114
206
118
248
237
195
63
249
101
244
176
222
188
233
73
0
22.4367
116
51
230
230
4
101
163
33
213
14
224
36
137
201
75
42
82
133
179
66
182
78
131
117
194
243
0
0.48628
168
13
2
140
81
51
65
120
177
21
11
84
149
135
246
13
18
14
19
103
81
247
187
247
140
91
0
3.6838
109
136
177
70
97
180
15
172
237
88
148
244
8
117
38
148
88
196
59
29
47
115
0
16.9822
215
235
150
249
212
12
139
14
63
212
131
225
237
213
135
126
76
131
227
161
163
40
9
71
96
212
141
0
98.8645
88
210
29
124
51
153
16
49
60
226
89
223
77
27
102
64
250
187
151
85
144
6
208
115
0
82.9452
242
216
39
118
19
181
102
208
174
155
243
195
128
138
58
176
89
64
240
237
128
0
46.9099
40
160
127
80
38
11
131
68
243
75
147
165
63
24
28
149
133
22
182
239
229
139
120
122
0
98.8499
158
52
174
56
13
143
96
31
128
158
125
22
126
164
59
143
148
17
28
87
174
187
227
9
213
186
0
55.5971
76
58
190
250
41
74
242
112
222
60
23
244
204
216
250
238
177
195
131
82
172
220
106
171
127
8
0
43.5141
175
172
191
219
2
34
128
110
159
112
134
205
139
63
216
183
126
33
218
240
157
28
161
137
0
74.5947
50
156
34
125
146
145
187
248
44
182
110
155
98
50
126
51
189
186
79
29
67
23
72
169
20
106
0
85.7473
192
7
128
137
9
249
237
51
13
208
48
182
125
161
176
115
82
243
134
26
36
163
214
131
183
0
16.1178
125
226
212
93
166
43
62
148
16
116
108
112
16
242
12
146
213
232
186
158
96
19
188
234
177
0
0.27348
26
187
105
80
107
250
243
17
71
153
13
175
134
9
25
77
43
36
115
29
47
45
0
15.2085
64
124
181
197
40
216
129
192
222
106
1
102
26
69
77
121
196
237
104
160
161
192
90
167
132
139
0
2.8449
103
127
188
82
156
134
72
191
2
12
14
185
139
227
122
81
60
239
188
158
12
238
81
86
0
7.2952
191
35
2
224
49
150
185
155
211
148
245
236
105
212
233
87
22
75
102
94
126
85
140
97
132
67
109
196
120
53
0
5.6302
30
178
64
125
190
51
96
235
123
208
196
64
250
119
33
13
247
181
205
231
222
248
167
201
56
197
72
0
90.3107
4
159
142
3
216
198
20
46
67
188
129
229
133
1
23
79
141
176
163
115
199
165
38
34
45
16
62
208
0
51.7493
2
74
236
77
104
128
27
168
113
103
224
161
77
138
186
133
13
204
145
190
66
160
193
77
165
177
36
39
57
28
215
0
22.0802
132
215
245
234
166
107
140
14
111
86
28
188
9
242
177
23
45
110
39
60
209
172
233
79
245
110
86
228
165
0
4.9548
131
130
17
207
80
232
126
9
125
20
236
163
183
128
232
60
46
19
104
237
190
0
67.0737
85
239
141
161
132
243
177
38
170
26
138
5
31
63
142
117
198
121
24
10
98
186
113
22
164
81
76
0
84.9749
73
66
205
245
248
87
117
81
20
72
31
123
18
247
137
31
196
17
210
77
4
157
122
58
53
66
202
28
0
11.3701
135
237
215
71
212
111
93
49
155
153
49
10
210
83
247
121
239
201
155
139
163
119
247
247
143
114
188
0
82.2954
238
116
171
101
202
20
217
221
120
230
202
162
121
173
147
188
87
45
217
152
151
166
139
228
21
18
0
50.4624
191
221
233
20
109
36
161
49
246
182
33
226
98
63
123
60
5
20
197
219
66
206
0
17.5872
6
232
161
106
39
68
241
88
232
228
196
34
53
44
110
36
36
37
105
219
38
222
94
189
92
113
0
10.7188
65
204
131
237
250
248
172
173
29
60
192
108
65
52
221
202
149
225
146
232
192
140
0
51.5757
124
161
65
116
53
113
229
182
106
22
87
224
204
28
120
233
208
59
53
34
152
185
188
194
0
7.5509
46
224
223
5
6
155
50
192
61
84
80
233
28
39
96
15
193
48
58
141
135
214
0
0.77566
42
140
17
249
245
233
140
30
11
179
205
178
3
234
89
59
219
101
189
117
69
163
72
0
27.512
62
23
94
116
236
51
65
81
89
17
16
66
35
164
87
29
245
94
160
171
151
66
46
152
184
202
0
77.752
207
155
124
200
240
154
164
98
223
77
79
245
174
96
60
89
242
146
96
83
77
106
236
105
235
56
150
0
12.6588
168
85
45
212
145
225
107
200
92
118
57
204
11
215
128
163
2
86
246
159
26
172
141
92
231
36
151
0
26.7165
159
211
240
119
211
126
42
140
211
174
101
17
4
193
50
135
202
30
47
52
51
132
19
227
204
36
0
7.1085
29
146
182
204
91
70
2
104
219
227
172
25
34
31
148
106
165
42
27
103
66
45
98
163
119
114
0
27.1454
20
215
148
92
231
224
154
102
33
110
52
209
202
189
59
166
40
2
20
207
214
13
227
148
0
87.4448
50
89
226
35
188
129
235
99
64
143
76
144
100
167
148
80
169
91
68
187
238
26
36
57
195
19
163
0
88.8348
247
73
31
190
101
137
217
55
88
87
170
140
164
181
99
75
53
101
42
62
31
170
28
119
0
52.7105
232
228
21
80
124
233
243
53
26
128
91
148
55
194
41
89
249
249
2
188
177
119
127
105
0
26.2664
212
72
114
217
101
154
67
109
60
137
4
32
23
204
207
237
181
24
77
107
224
118
174
248
241
6
0
14.4238
224
34
221
35
198
130
229
64
132
229
26
9
147
40
30
208
121
249
154
192
222
64
176
203
0
26.6765
40
160
57
195
41
144
235
191
190
82
172
107
58
62
68
92
123
52
6
89
0
67.4927
105
91
220
77
133
18
246
58
9
125
92
95
207
239
162
210
69
73
50
135
99
236
24
0
62.7269
3
48
200
244
82
68
247
63
178
120
20
244
161
137
157
111
112
113
41
155
110
123
171
77
136
33
0
71.6849
173
223
140
82
188
63
69
136
29
89
200
229
234
31
1
75
183
226
207
10
80
167
155
168
205
196
86
132
0
25.7549
241
213
169
44
81
184
125
210
70
129
32
11
35
95
124
158
8
243
154
119
62
171
143
140
196
206
0
73.2416
2
199
238
64
49
78
186
169
161
105
137
17
65
207
192
172
70
227
49
235
190
159
113
157
142
83
34
235
76
242
189
183
0
61.5048
154
19
21
237
175
116
216
218
89
228
112
247
244
129
237
173
240
123
119
17
38
60
201
118
80
0
15.2338
173
38
197
20
135
90
200
197
149
13
97
81
146
114
141
147
21
28
63
7
92
241
190
3
96
0
68.743
78
50
148
203
149
32
243
170
130
64
249
13
82
34
177
219
76
137
150
170
169
109
4
78
217
31
195
0
65.6691
228
247
5
118
148
89
175
25
11
129
195
80
118
222
122
12
125
207
9
200
104
102
12
173
27
133
71
0
38.393
168
42
212
66
91
139
10
36
104
74
40
73
214
143
215
244
80
68
145
193
158
208
40
229
127
134
0
11.2482
240
72
156
81
139
89
210
200
168
54
68
63
114
167
206
169
223
28
129
41
188
73
0
89.7197
44
141
167
198
62
150
14
28
10
82
133
35
245
109
212
197
137
186
13
82
178
186
114
25
201
31
0
62.9181
13
246
36
92
237
213
207
117
191
14
207
111
241
192
152
204
36
188
248
127
219
196
0
79.9114
157
99
113
52
25
147
39
43
51
230
169
115
78
5
22
141
180
102
18
95
43
62
0
83.2465
207
155
143
18
66
161
94
43
161
45
144
123
127
191
194
107
223
74
37
77
6
48
100
211
83
70
162
168
0
71.7231
210
212
5
187
170
94
23
157
184
126
39
71
225
28
204
104
159
94
218
138
108
97
228
1
19
184
217
0
36.3344
118
190
160
152
188
54
65
10
237
210
140
107
13
157
67
188
230
105
249
246
146
182
188
174
0
28.2903
102
85
84
102
40
185
157
213
115
30
10
221
110
20
125
42
186
106
108
125
203
116
223
62
0
19.5734
96
182
26
102
140
95
157
19
103
47
146
145
26
108
92
213
52
141
226
106
195
110
95
71
98
0
98.392
161
60
246
26
14
131
120
215
177
47
169
228
221
138
154
236
70
42
38
114
236
22
0
68.0382
183
90
133
27
129
205
153
165
175
176
72
40
71
228
190
100
43
241
156
206
219
170
2
53
59
90
38
0
5.7272
47
64
52
155
82
93
63
235
26
14
155
247
185
233
73
150
32
31
83
245
102
0
84.0032
42
214
100
193
165
250
111
29
63
68
171
3
16
232
227
53
21
212
46
3
178
46
104
147
166
115
0
59.5107
63
63
7
209
121
78
105
113
240
88
133
206
37
247
195
188
127
47
143
86
21
249
68
193
185
104
31
69
180
0
15.126
168
243
13
114
131
33
5
209
105
4
86
96
110
213
115
209
127
166
108
10
57
15
11
147
104
86
156
65
129
203
0
68.2212
3
149
155
60
243
246
159
54
148
101
20
217
200
73
18
38
125
200
178
51
71
172
245
93
59
163
165
87
0
52.9949
55
157
198
39
33
83
212
171
212
212
143
178
245
76
245
139
7
177
50
137
125
223
3
241
95
23
0
77.4336
32
117
241
1
221
42
48
168
157
188
148
152
150
113
235
47
14
234
178
128
88
97
131
212
0
1.0788
172
29
77
33
34
96
212
243
188
231
165
77
235
250
127
186
227
101
49
213
75
72
248
18
17
76
0
65.1482
157
228
222
218
137
185
31
25
199
110
152
83
4
161
120
97
4
70
236
21
147
209
18
141
249
0
25.8967
202
164
22
215
110
220
154
244
210
216
162
128
246
186
109
199
236
168
236
180
197
159
163
167
61
0
48.4119
77
231
126
196
121
70
23
39
226
134
155
204
61
85
129
154
68
139
176
67
115
136
77
160
222
128
0
4.5116
51
238
116
25
44
22
250
171
196
243
22
219
243
179
140
115
169
56
66
0
52.7606
205
196
67
79
114
195
216
49
236
56
221
189
103
27
45
79
118
108
103
236
147
67
0
28.515
146
199
208
163
11
185
243
85
49
139
24
157
240
133
127
249
13
241
125
89
190
55
145
168
0
8.1834
130
45
136
134
86
180
66
154
122
231
162
166
249
248
139
240
213
86
166
227
149
56
64
238
0
16.565
142
71
246
85
2
41
34
43
38
30
124
19
186
99
243
220
90
1
17
235
56
218
86
6
104
108
149
0
89.0814
114
9
185
227
235
244
143
59
184
123
120
31
2
62
48
177
222
93
5
178
84
115
154
132
229
242
0
4.5011
66
59
131
50
114
175
103
107
7
247
39
15
174
209
23
237
30
206
174
143
33
137
236
16
124
210
2
185
0
12.0056
74
150
8
196
107
32
27
21
74
16
228
227
59
2
99
62
93
24
77
25
159
148
152
48
175
207
86
0
96.5394
5
26
87
133
118
82
248
144
215
72
92
204
4
183
35
87
220
100
156
160
217
130
174
0
65.3209
127
179
129
242
158
148
40
100
230
171
51
130
198
230
154
176
102
235
176
174
236
235
91
153
84
0
36.4839
40
38
196
48
46
64
197
82
73
133
231
134
192
148
5
139
62
152
109
34
88
196
154
108
123
2
37
0
82.6392
105
24
183
11
186
215
183
11
98
154
52
148
89
98
98
214
50
32
147
18
91
204
226
126
49
196
28
70
0
59.6487
22
111
191
194
71
128
188
97
64
106
173
66
23
39
141
246
111
176
95
173
47
169
77
195
176
233
222
0
43.4755
124
80
130
23
55
184
63
66
190
97
107
156
130
23
215
37
66
128
102
159
223
70
0
45.2696
59
58
176
199
130
57
38
111
118
172
226
38
167
190
9
112
57
146
8
24
39
75
99
238
181
167
25
6
0
45.3227
98
44
117
103
134
119
108
152
183
199
55
49
139
211
54
149
185
28
58
243
44
36
36
72
58
62
210
99
207
161
69
161
0
75.5096
235
222
81
48
136
88
97
61
36
51
156
100
12
234
69
162
165
84
87
181
206
30
146
15
174
220
0
38.3003
71
151
164
100
142
113
164
179
44
238
62
39
50
198
84
204
214
207
247
139
221
176
115
55
68
189
0
50.5438
206
223
177
127
206
221
8
184
26
226
132
213
191
101
43
81
186
124
202
106
105
218
55
3
0
34.3329
66
113
113
122
2
12
60
235
30
54
210
93
155
190
207
98
34
123
25
146
49
128
136
22
0
8.1698
162
116
230
149
161
186
208
107
92
33
234
223
65
92
87
23
130
140
229
217
28
74
42
219
226
55
0
68.2868
27
184
210
49
241
107
10
23
168
139
66
131
207
92
178
248
155
238
28
79
26
44
3
171
117
93
0
39.4228
4
73
137
220
176
101
9
198
94
2
163
64
160
99
40
250
169
11
27
181
118
216
227
244
7
0
25.895
167
197
153
160
39
244
205
74
102
134
62
28
49
136
103
152
7
163
2
27
195
122
141
61
45
218
211
0
71.4102
250
190
67
22
210
122
48
47
242
33
172
215
156
3
234
80
147
249
242
92
151
0
54.5429
180
194
107
62
175
69
133
152
22
232
236
11
60
53
101
202
22
32
249
70
67
84
218
0
38.5282
110
187
39
232
174
47
90
19
21
98
153
149
26
217
190
49
219
74
200
9
0
70.3563
175
82
98
65
218
236
127
176
139
195
184
223
121
170
154
212
239
196
159
32
28
24
126
247
115
0
3.4208
154
178
116
128
115
6
39
220
99
241
250
122
28
118
178
226
177
149
173
0
50.6892
215
133
190
119
80
82
38
199
98
236
7
112
215
126
207
132
232
102
223
216
182
115
45
140
94
0
25.7619
214
43
110
242
135
81
12
98
68
82
83
207
13
66
16
241
49
130
144
69
204
238
223
33
180
50
157
57
0
72.354
86
103
54
69
139
188
130
63
250
62
109
28
33
110
175
227
66
28
242
147
129
157
18
0
63.885
90
182
151
144
63
205
186
65
81
97
143
118
31
118
224
170
192
11
230
47
2
106
0
99.9818
184
61
5
226
107
3
135
163
239
79
121
137
44
248
4
229
134
70
160
250
6
189
225
88
170
0
57.3191
174
158
170
130
75
71
42
182
248
116
219
224
211
111
99
154
210
118
32
60
214
185
135
22
99
17
0
65.2985
150
44
179
21
92
202
107
156
77
95
53
164
8
74
213
115
47
87
95
149
0
1.0319
2
101
10
178
96
153
172
218
207
107
146
109
51
140
157
225
168
37
188
73
0
22.8671
126
74
42
91
65
1
87
249
81
61
204
236
11
14
135
60
55
110
181
154
107
32
99
113
0
28.3807
145
128
77
28
132
191
21
95
41
170
50
233
127
232
19
19
44
238
25
0
68.4724
56
187
219
54
140
120
136
119
247
14
8
146
125
151
232
112
203
238
103
217
247
163
20
108
123
11
19
177
0
97.0231
16
237
220
226
80
194
73
237
208
97
239
218
72
104
191
228
103
191
71
173
101
3
245
0
14.8988
234
69
95
187
211
225
6
35
62
166
166
83
141
152
52
15
174
148
45
178
223
109
112
240
115
82
91
0
63.0185
177
229
160
175
176
90
207
45
203
117
52
169
182
201
99
230
19
119
140
81
164
35
117
167
0
34.2077
90
244
47
99
168
83
233
46
231
42
215
73
216
176
119
134
164
167
37
63
200
132
206
233
233
0
58.4045
16
157
138
136
230
95
68
233
10
131
189
90
162
141
219
97
71
41
188
57
156
89
82
181
0
44.6496
165
102
108
238
27
71
77
220
159
108
96
15
225
194
26
222
187
182
128
95
233
73
51
168
0
23.9382
141
74
190
115
61
142
128
74
93
22
101
130
167
77
214
243
31
158
244
19
206
39
168
29
215
0
51.314
156
118
144
129
33
235
136
185
43
62
124
68
40
216
141
179
65
147
8
108
159
45
240
0
9.4272
247
119
26
185
69
154
93
141
246
47
30
167
126
88
127
70
218
42
66
1
189
242
47
43
197
0
79.9309
176
106
195
34
104
120
214
154
227
154
31
138
163
116
21
23
183
82
58
149
88
117
57
129
0
43.9208
235
113
83
118
137
214
192
94
98
119
145
250
50
102
209
128
248
122
239
68
217
75
166
217
247
0
39.0898
224
169
64
153
130
158
216
148
101
201
187
244
98
6
160
153
225
196
208
137
212
118
193
0
27.4643
69
93
218
125
204
243
226
6
29
142
1
36
88
201
129
42
17
132
95
230
168
156
0
62.3945
46
35
177
123
160
116
204
29
130
19
51
73
18
68
149
41
183
210
94
98
44
208
52
131
0
62.1637
12
219
47
18
123
113
146
197
223
93
94
25
24
228
205
179
177
127
128
149
212
127
222
69
0
22.8693
134
50
211
119
113
141
88
99
214
154
65
7
234
71
148
17
78
88
104
126
43
0
83.946
55
18
1
65
182
159
12
239
43
35
199
79
149
185
153
241
2
12
137
18
39
22
143
208
201
48
161
200
0
75.7918
137
174
226
57
100
185
172
5
163
244
17
22
54
48
74
231
74
205
43
41
241
22
204
0
79.8354
79
95
71
87
179
102
103
240
26
87
186
58
105
194
136
22
12
25
249
142
53
50
97
78
0
0.97144
114
247
118
205
218
79
246
201
154
55
62
171
188
14
200
93
228
136
210
186
38
115
203
250
22
0
44.4836
59
240
115
218
141
59
123
222
27
89
230
207
189
250
92
228
192
231
129
214
49
147
137
9
76
241
233
184
0
25.963
32
212
106
29
48
56
247
116
93
111
244
162
228
138
10
49
230
93
216
221
0
50.5239
18
218
146
201
231
12
142
178
70
30
236
88
136
108
235
204
215
95
127
114
216
0
92.7363
115
206
168
73
212
136
100
184
95
180
63
34
210
157
155
44
224
212
39
13
201
119
59
0
30.6972
193
28
60
192
55
209
12
17
143
105
142
80
103
17
167
214
20
195
14
168
81
0
60.8526
130
119
125
87
76
65
153
10
142
247
167
162
210
186
63
245
148
30
196
102
112
228
150
169
189
40
112
133
0
13.6279
210
88
160
131
43
109
203
133
107
179
177
3
24
24
238
113
120
129
74
97
57
181
11
0
85.3154
249
222
12
209
85
151
25
180
232
33
52
48
65
52
41
198
86
216
100
117
165
0
6.3464
198
80
44
29
110
128
3
20
131
138
73
218
31
220
133
203
182
92
142
22
163
170
0
63.741
162
218
141
11
63
20
223
87
129
30
53
95
76
243
144
16
187
200
198
9
44
156
7
241
231
24
0
26.7343
85
29
143
109
229
232
114
102
196
214
171
118
171
172
2
163
37
233
104
68
45
42
173
194
187
174
146
131
89
0
81.5367
164
250
74
49
12
180
121
172
22
102
67
56
220
210
246
226
158
172
66
51
45
232
228
140
39
205
87
0
66.02
123
149
10
61
79
98
24
95
89
54
109
113
6
163
210
220
72
20
241
61
48
142
237
36
77
165
1
0
97.9636
46
3
169
86
67
85
162
125
69
5
74
21
82
150
167
188
232
94
158
43
142
38
120
142
182
142
210
0
29.7723
148
169
39
66
247
164
79
138
103
187
83
205
65
117
242
207
201
76
200
241
23
11
86
45
125
182
100
204
0
75.4444
133
96
242
156
110
32
139
11
132
29
139
6
24
188
46
93
110
166
205
69
235
36
229
58
202
176
101
48
246
0
30.5705
185
25
48
111
45
38
230
83
18
205
236
14
214
235
17
67
45
146
91
69
0
99.6898
74
172
18
99
48
236
187
176
88
37
205
26
144
180
91
246
179
215
137
122
40
203
10
249
146
6
0
54.0277
101
152
74
200
144
242
120
154
143
146
225
74
113
206
18
104
138
193
22
52
167
159
18
1
0
48.6464
129
129
38
243
89
14
199
160
242
178
11
173
173
169
140
124
115
243
179
78
136
107
224
201
173
0
60.4686
174
97
192
63
123
137
7
127
109
90
147
111
27
130
96
75
101
230
199
246
14
186
28
94
34
182
97
0
13.3974
118
208
209
246
231
102
154
47
152
162
67
167
230
195
39
204
228
110
73
159
149
188
156
184
0
44.137
62
227
147
132
178
211
125
90
132
13
82
230
104
222
170
122
38
22
167
163
210
237
2
199
0
2.3925
8
250
125
58
193
127
185
143
128
53
19
158
224
37
242
185
126
208
148
31
242
207
104
164
0
14.8412
192
84
145
241
173
57
137
2
153
48
125
225
109
86
16
10
87
89
158
136
202
53
98
205
40
117
0
59.3573
213
60
62
25
115
19
9
61
207
180
196
75
32
22
233
217
24
210
20
31
171
207
91
137
172
215
0
39.9719
250
90
82
225
120
211
190
146
188
15
239
130
216
3
33
95
49
73
231
134
134
50
234
191
106
36
225
0
10.9748
229
187
217
31
34
120
223
232
145
38
178
183
171
131
67
2
162
113
107
113
14
210
246
120
121
0
5.5824
129
217
60
61
206
203
150
27
122
143
152
208
235
95
206
212
12
249
51
98
188
215
208
102
46
167
112
0
49.4975
104
212
106
117
144
128
96
111
105
115
3
118
207
57
38
128
237
176
167
228
212
70
0
96.4845
220
136
188
146
222
242
34
97
126
106
24
228
128
110
54
77
169
9
8
34
134
116
32
229
18
194
119
0
83.571
127
146
239
179
101
40
49
18
40
199
152
146
194
74
97
231
65
206
170
209
124
101
222
173
109
35
0
18.3097
245
244
173
15
208
192
134
215
164
61
202
173
116
85
58
72
141
135
217
238
46
95
113
200
0
85.3036
243
129
229
145
200
53
197
47
34
20
213
10
246
239
82
166
238
25
95
182
4
44
240
0
0.1365
80
157
139
133
67
229
236
92
233
73
145
157
221
242
74
229
120
173
71
230
128
189
231
126
96
226
0
74.0536
89
149
6
163
229
13
241
217
58
213
147
247
49
238
128
119
191
50
201
92
0
98.5675
30
243
67
109
9
82
25
56
67
124
113
130
193
55
49
138
203
19
13
126
225
217
129
65
0
17.5857
206
178
136
71
17
79
238
102
243
162
119
132
243
62
60
115
62
150
70
226
139
67
50
239
144
0
35.3317
86
136
78
133
171
131
102
232
66
146
184
228
217
35
104
58
57
115
81
35
118
106
194
93
0
15.6614
71
153
169
167
234
7
103
133
28
127
83
136
133
71
142
184
100
144
228
120
104
39
174
41
2
0
63.3981
167
242
80
250
78
168
207
9
235
244
181
91
8
193
211
124
175
45
12
250
80
192
57
235
70
26
231
39
224
0
48.8795
114
92
217
44
149
31
72
15
101
71
49
2
139
89
9
176
245
69
173
186
121
218
45
202
140
175
177
248
6
0
19.8501
207
88
227
208
191
127
208
146
103
2
47
227
129
178
189
61
18
194
19
197
233
182
141
247
243
144
140
202
28
0
28.0074
250
2
78
78
231
37
93
29
239
4
32
234
179
211
224
24
155
150
9
67
0
95.7807
10
204
224
147
171
62
66
19
55
106
242
17
203
157
175
93
53
138
171
2
143
228
18
91
68
92
243
0
77.0202
135
56
77
227
160
27
66
80
16
175
93
207
72
175
180
212
32
159
246
10
138
10
40
31
129
130
2
0
43.6717
178
188
53
78
207
144
110
70
3
149
54
87
132
182
224
106
112
100
134
168
137
214
163
218
211
0
26.5914
216
163
36
13
188
88
128
114
174
123
66
24
11
57
97
3
29
110
244
174
97
43
32
96
80
0
29.7183
109
88
218
71
56
198
222
177
231
27
224
18
15
185
242
218
184
8
69
7
92
147
193
5
167
0
29.8563
235
89
155
225
25
179
34
187
141
9
142
189
129
171
221
235
30
173
20
214
234
247
0
63.0283
131
119
218
176
67
38
106
116
40
180
193
11
101
93
10
154
127
116
56
13
101
135
43
3
215
0
42.509
120
233
66
104
7
202
37
140
135
125
19
232
41
46
203
129
63
139
190
0
59.4438
118
149
121
128
154
154
234
233
228
113
162
43
90
150
214
18
191
12
248
222
49
83
40
247
188
238
0
27.9773
210
134
4
216
185
240
207
173
217
112
53
76
66
198
235
146
76
143
165
34
31
0
18.5051
192
247
16
121
158
140
95
225
192
66
198
63
81
224
225
108
67
157
27
128
180
144
97
90
95
7
0
78.8992
120
55
102
33
116
166
214
39
119
30
141
93
9
28
49
139
118
166
89
2
22
217
65
165
63
238
8
247
0
45.6743
88
113
27
136
25
178
41
214
151
193
76
121
16
158
41
234
163
104
237
148
26
119
248
49
27
0
33.407
70
137
168
214
137
139
169
85
65
82
201
98
90
76
135
71
19
95
178
77
116
28
116
102
224
0
50.0098
215
244
247
49
191
224
141
80
108
222
47
27
106
25
126
14
29
162
29
176
4
13
0
17.2335
144
19
90
19
183
119
31
103
90
156
108
95
116
5
40
74
220
208
139
91
212
0
56.0885
66
88
137
95
97
173
112
80
38
19
71
250
2
37
167
38
227
122
157
213
194
78
103
237
202
238
120
7
0
21.1957
158
28
159
22
145
205
179
196
62
36
204
249
136
82
26
207
203
78
216
20
49
113
90
162
23
0
77.9968
70
17
153
8
17
186
105
135
249
49
223
211
88
178
101
180
186
2
164
249
61
242
64
0
77.7219
70
229
247
202
28
68
68
116
85
229
163
245
190
210
214
174
150
100
146
250
52
66
137
27
70
0
85.7982
182
196
225
114
111
202
187
14
93
18
112
130
153
185
57
8
95
166
158
87
145
150
61
28
75
28
0
13.5657
223
34
112
246
224
78
243
14
191
178
191
153
30
125
170
227
52
178
210
87
17
100
99
0
89.4755
49
73
247
64
121
70
10
19
25
23
85
92
242
2
171
246
100
23
183
181
245
153
188
81
169
62
0
80.4582
230
3
85
100
143
158
135
4
50
68
189
80
172
126
95
159
49
162
177
26
84
225
9
113
6
0
84.7601
169
2
223
22
86
100
30
208
195
145
137
133
79
226
2
108
205
148
161
146
33
178
184
0
77.3971
63
91
72
23
188
107
119
239
167
12
142
177
214
77
25
6
153
244
133
34
77
135
16
238
60
139
175
0
35.979
117
224
233
99
242
2
15
110
176
48
25
126
147
195
225
139
119
14
224
235
173
232
67
244
142
229
0
89.4395
186
77
231
16
132
124
220
230
130
33
32
109
31
247
247
246
42
57
60
63
10
43
189
161
30
203
211
0
56.1461
71
4
116
53
65
93
99
245
31
218
170
21
248
154
228
118
129
41
120
196
150
52
94
29
207
0
15.2416
22
149
106
2
187
71
102
148
64
199
23
150
225
93
124
247
3
77
187
109
214
142
83
16
0
31.6414
245
175
53
51
97
85
179
167
186
10
223
250
156
205
202
149
8
250
18
48
150
0
88.5342
31
154
78
64
185
21
194
43
186
142
39
17
139
246
26
203
154
16
11
179
244
1
0
93.5504
94
60
104
1
89
128
6
45
24
36
145
63
201
100
119
90
143
241
215
227
15
199
165
159
102
131
0
18.7902
31
213
97
13
38
186
58
158
100
155
50
89
224
61
166
70
224
108
21
128
113
118
185
232
0
8.171
102
175
116
50
72
149
117
195
42
72
38
222
82
111
55
13
166
142
46
250
152
6
75
189
191
0
41.4435
200
122
33
107
19
179
130
228
41
152
80
236
31
44
81
104
54
125
51
160
160
229
12
0
38.9921
106
163
94
29
227
44
99
202
77
62
59
154
248
180
57
140
132
232
169
1
20
95
155
31
0
58.244
73
230
123
200
6
143
177
42
229
42
104
203
17
25
149
164
59
55
242
103
117
66
189
90
0
8.1919
129
26
4
171
163
227
214
239
241
3
99
182
247
194
57
135
5
150
97
237
98
14
215
196
111
202
4
155
129
0
70.5842
75
188
197
203
9
48
183
59
160
159
71
19
176
234
9
237
155
10
150
215
98
223
129
132
162
180
23
222
8
0
54.3406
52
170
38
232
156
207
117
142
36
18
195
108
17
102
50
197
149
11
34
246
106
116
191
140
64
0
74.1465
52
77
110
249
169
104
130
24
130
116
121
41
146
175
28
220
174
161
131
174
206
20
72
44
152
189
151
0
5.4147
173
98
138
186
132
47
204
139
16
199
56
81
50
160
199
106
30
170
75
247
34
45
199
47
206
181
0
82.8498
46
141
47
176
109
157
217
42
159
142
105
31
97
78
249
88
247
165
17
92
54
98
44
79
139
60
0
94.4587
105
101
150
241
29
180
188
180
117
225
216
6
171
35
228
173
57
120
114
77
32
168
91
199
24
0
58.5152
242
95
164
169
250
102
48
203
55
192
73
189
96
61
134
70
83
97
148
220
136
63
0
75.0155
40
162
58
7
108
31
127
127
68
122
72
62
211
195
184
36
60
135
7
186
247
64
0
25.2048
100
45
128
52
48
119
79
52
212
38
193
240
190
191
50
239
38
51
200
188
20
198
198
32
129
181
129
0
12.652
49
48
147
52
142
148
101
206
48
145
240
25
220
193
219
172
212
181
84
222
84
160
190
150
0
72.6854
233
178
226
79
54
230
210
104
44
107
160
68
152
42
53
207
35
115
175
156
1
97
173
127
236
5
78
0
84.2594
112
42
77
156
81
93
38
61
239
132
31
17
84
54
174
165
11
230
205
99
13
163
207
48
140
35
0
40.8437
171
84
195
143
108
111
135
62
167
24
110
185
139
5
194
205
250
193
161
125
62
2
183
28
0
22.8318
244
234
176
112
222
112
69
41
58
13
209
108
124
198
51
228
13
97
34
241
218
221
144
80
0
24.9174
73
8
183
229
20
154
148
250
109
168
211
229
205
11
23
68
40
195
89
133
21
132
37
244
179
184
122
0
2.6071
60
100
232
108
249
171
70
118
121
162
142
71
15
125
4
132
248
93
131
164
178
205
53
0
35.3286
200
56
80
36
41
144
3
161
58
54
205
62
153
135
13
29
25
14
144
13
150
168
161
132
240
0
55.1446
54
23
142
113
238
40
55
138
110
32
80
245
193
179
4
95
34
141
93
23
101
211
234
124
0
99.8143
131
209
193
130
71
137
82
81
41
141
42
245
153
115
249
250
76
42
232
21
170
37
246
64
127
175
108
0
83.5142
42
38
110
203
46
124
205
234
14
100
199
234
154
120
212
25
243
61
110
32
163
0
3.1774
245
205
199
120
226
13
142
220
219
235
46
208
47
29
100
79
230
99
78
7
140
133
121
153
0
1.6432
35
75
170
210
111
225
77
241
249
45
236
11
236
21
165
185
234
216
25
192
155
27
222
238
1
0
68.2082
180
101
149
133
89
137
80
32
177
86
193
82
234
94
126
48
212
164
100
98
84
0
27.3885
107
145
107
101
212
104
89
108
143
150
25
181
40
138
116
10
95
147
247
242
44
169
0
40.1973
87
17
193
242
249
38
40
178
176
98
145
96
200
19
95
1
144
83
162
0
64.1484
245
6
186
91
170
1
153
128
137
160
144
247
53
178
49
164
138
14
211
127
146
80
17
241
120
172
0
36.1393
247
115
241
106
197
13
159
66
155
62
129
199
111
247
162
140
122
27
1
174
19
15
250
6
77
246
98
171
27
0
35.4584
34
76
147
198
121
203
134
29
11
108
152
35
177
138
193
218
247
67
109
243
0
48.528
227
114
104
124
121
105
102
39
230
146
39
61
133
30
76
248
225
45
11
204
209
40
39
39
157
118
0
41.3161
34
133
135
250
14
154
145
109
191
208
44
84
66
212
244
88
37
159
58
86
183
42
50
50
81
71
81
59
0
77.1436
23
93
36
73
110
241
106
182
21
165
241
49
238
110
101
33
164
201
59
219
240
177
206
0
9.0782
156
98
180
178
145
61
137
17
70
104
12
132
66
125
160
209
165
40
8
209
69
116
49
61
70
67
113
0
55.0887
142
119
7
222
57
148
25
90
177
210
123
215
135
111
52
18
77
202
231
33
215
222
60
0
79.7617
46
103
211
91
133
18
241
108
146
77
4
68
14
130
232
99
78
77
231
171
170
225
3
211
102
0
64.0842
142
45
130
60
240
2
116
127
134
22
76
88
119
126
104
36
226
132
242
194
36
66
144
49
65
133
0
22.6724
241
53
196
1
141
186
112
42
9
150
130
56
248
36
62
216
142
237
10
211
121
201
8
58
146
154
23
0
17.8714
221
222
248
179
81
181
133
118
76
155
74
241
221
182
95
90
114
62
66
141
223
29
123
105
161
48
0
12.5795
124
102
126
123
248
58
75
174
40
114
182
214
235
182
105
39
241
40
156
18
189
131
27
0
96.2235
8
120
11
159
158
57
156
152
238
103
2
171
30
37
141
93
63
23
92
45
239
0
95.2309
195
137
14
169
187
211
76
94
169
233
4
36
84
75
212
130
29
188
24
1
157
129
228
61
0
1.1242
187
85
37
233
37
215
6
189
183
23
70
42
3
199
121
5
239
228
228
134
54
28
119
37
90
0
48.5019
218
37
20
63
30
116
15
184
25
238
203
21
51
221
114
83
77
245
213
199
219
37
169
161
122
33
15
0
19.8131
71
106
58
54
183
169
221
182
125
244
45
249
58
165
238
33
34
170
228
179
197
39
53
0
2.5432
103
29
230
176
43
236
128
227
10
64
43
127
27
245
33
53
19
248
9
199
175
62
93
0
26.7906
187
32
71
250
70
202
187
29
44
131
236
52
28
203
167
186
74
119
155
187
47
153
24
44
189
0
1.8761
92
33
57
133
41
50
47
210
44
125
229
67
38
63
242
117
180
142
195
73
168
0
60.3168
142
73
97
34
169
93
190
144
168
10
14
250
216
142
90
69
107
181
97
220
232
107
155
53
0
87.4094
82
55
199
109
135
70
238
113
36
158
154
52
225
151
78
122
140
50
126
52
159
88
200
13
245
17
0
53.1856
16
83
37
189
18
68
136
18
227
98
138
204
43
190
75
79
134
69
213
46
135
225
89
51
0
89.9818
111
162
245
104
202
118
68
222
76
141
45
63
219
229
247
145
242
166
37
51
111
159
121
114
36
186
62
123
145
0
41.8021
245
9
185
219
246
243
74
236
131
39
184
186
142
204
47
153
12
213
177
97
160
95
19
130
0
64.7098
201
163
233
119
138
191
164
141
170
178
120
89
168
70
227
56
36
174
28
137
215
152
138
0
67.0989
161
194
130
240
179
55
206
242
166
111
82
39
212
221
196
36
238
137
80
72
152
119
242
95
127
82
162
0
31.3583
5
76
177
77
46
116
129
241
44
1
10
231
193
215
214
59
106
47
223
183
46
26
149
0
60.2015
202
225
176
45
52
220
212
26
56
12
34
189
185
172
153
24
71
174
181
144
240
16
33
215
240
41
0
61.661
36
194
107
249
67
102
203
171
34
107
21
66
77
222
39
249
131
13
11
227
170
180
72
151
148
47
246
0
45.4285
98
26
246
103
158
83
166
105
61
96
240
22
54
19
86
226
70
248
156
122
215
43
185
207
29
0
