100
600
93.0658
48
72
4
98
71
50
6
84
11
14
26
0
27.7496
11
98
35
60
66
55
34
47
19
67
5
0
9.1136
4
66
43
51
26
3
8
48
45
16
5
0
1.2045
49
22
86
90
70
65
11
96
10
67
0
71.9502
43
27
99
45
7
78
58
93
75
75
0
22.6069
1
13
23
67
11
54
71
27
6
0
39.1109
26
10
7
14
21
86
12
57
17
0
58.5125
10
80
89
31
78
76
53
94
4
0
95.7845
93
55
54
59
38
29
35
16
94
0
17.0939
4
79
78
100
99
83
81
69
4
68
41
0
88.389
92
15
38
86
74
66
62
35
48
0
7.557
62
99
87
56
100
72
73
75
75
2
0
94.2236
78
81
10
91
4
92
68
47
53
9
0
44.3386
80
67
35
39
75
42
3
79
17
13
0
17.3417
50
1
3
42
40
71
14
79
89
66
0
80.1243
94
16
34
17
81
48
12
61
21
0
87.1452
97
44
16
52
44
87
13
70
43
78
0
49.3223
52
86
12
44
56
90
86
42
21
36
99
0
21.9885
75
41
44
34
11
47
56
81
29
27
0
95.4071
98
97
11
51
5
45
50
90
83
26
15
0
24.7608
35
63
85
15
88
86
89
78
58
23
0
19.0598
64
76
28
57
74
51
59
62
13
27
0
67.0239
100
24
16
23
94
70
90
63
20
71
21
0
41.5637
61
82
77
62
61
75
25
85
33
0
83.8348
44
38
1
81
13
54
81
4
15
33
6
0
60.2113
39
63
38
45
33
1
83
77
53
69
0
95.7448
8
58
74
88
13
43
76
30
29
8
16
0
69.4834
70
26
92
57
41
22
8
93
7
10
28
0
9.1447
63
51
74
80
51
12
89
74
41
0
70.6767
51
71
90
97
100
92
64
17
93
44
0
45.0106
51
84
6
8
95
79
9
65
75
94
0
22.9265
98
80
39
16
90
40
22
35
96
0
32.4179
77
44
28
87
74
76
46
64
11
63
40
0
4.4606
66
11
97
42
79
46
65
30
14
80
4
0
72.3449
41
10
46
31
74
8
71
17
53
42
21
0
9.4001
61
40
78
24
94
74
74
52
69
87
0
99.8724
55
28
72
44
91
33
40
43
61
62
29
0
38.6896
78
18
14
10
8
52
10
61
74
0
63.005
64
1
97
83
48
22
24
54
45
37
83
74
0
96.5116
29
83
73
53
96
91
96
57
24
52
0
79.2325
1
54
62
40
15
61
43
41
64
48
0
0.10114
90
91
69
1
53
4
68
95
92
50
0
45.9621
27
21
88
41
70
45
18
26
25
92
0
40.4305
42
31
82
6
36
24
18
39
68
80
57
0
48.2104
34
25
14
37
81
100
14
41
38
48
86
0
32.2219
93
24
23
66
22
90
78
92
79
0
49.2247
66
92
56
15
26
19
93
82
17
0
87.5403
73
41
18
95
67
35
59
48
6
36
86
0
13.5873
71
57
49
7
46
68
73
85
78
0
67.1253
50
40
58
97
55
24
54
81
35
10
0
16.8527
50
80
31
64
49
86
99
99
12
0
10.1105
64
54
49
82
76
51
53
37
9
49
0
13.9546
45
10
22
24
61
41
57
55
62
65
0
88.2288
21
39
91
35
26
23
53
21
87
54
0
47.5248
88
48
18
92
40
56
66
74
45
81
34
94
0
43.5091
35
36
69
44
87
98
5
83
5
78
24
0
44.0898
41
43
63
64
38
90
61
95
15
46
90
76
0
59.5093
40
41
56
20
89
76
95
26
75
30
39
78
0
19.3303
73
87
100
52
8
30
39
24
11
78
0
92.1254
96
10
17
98
63
14
43
35
91
0
24.3066
70
41
10
52
34
39
12
2
69
63
0
95.1006
85
48
59
35
49
70
50
30
98
39
36
0
48.9152
78
77
70
32
93
43
26
55
80
0
8.5718
91
13
3
20
11
31
14
51
42
49
47
0
6.6333
22
71
77
11
16
42
73
34
60
94
16
0
25.0881
84
10
96
36
22
92
16
91
49
57
0
99.8137
83
70
80
55
26
87
79
85
73
0
6.6777
98
67
55
28
40
96
78
63
6
0
97.0791
72
95
65
61
29
26
77
40
74
44
69
0
89.2365
98
20
58
65
69
28
89
63
19
30
40
0
39.6458
37
96
5
3
49
1
20
32
65
14
0
21.3111
33
77
97
52
33
3
40
63
64
0
16.899
27
20
45
94
99
17
54
96
53
0
68.571
98
15
28
34
52
2
85
20
28
12
82
0
13.914
76
51
87
76
52
42
38
90
79
86
66
0
13.2693
27
26
90
36
58
52
1
81
95
0
43.0731
32
15
44
61
94
29
39
26
100
70
0
21.2105
80
31
16
39
1
66
23
2
87
81
0
15.0543
76
32
82
26
1
7
62
52
33
0
84.1683
99
81
49
5
66
60
19
61
95
97
28
30
63
0
71.1394
32
23
92
2
82
25
32
54
27
10
0
32.3824
14
97
66
90
7
64
29
82
80
87
62
0
45.1074
56
8
6
62
43
20
91
78
26
0
62.3711
91
50
87
85
5
34
27
93
51
21
0
23.0686
53
60
30
76
43
19
29
75
27
25
0
67.8261
22
6
33
22
67
54
35
77
71
0
76.0299
51
55
79
95
68
90
68
73
78
21
77
0
70.6521
64
75
100
5
55
66
53
97
41
99
0
17.2586
10
68
4
88
69
25
4
37
6
87
0
67.1486
34
11
27
81
13
47
48
7
79
0
37.7689
44
79
36
33
85
10
98
76
96
52
0
53.0641
10
13
41
96
2
54
55
23
9
64
72
0
72.8055
59
23
40
34
87
64
88
52
36
10
0
78.672
54
81
55
21
57
61
57
94
25
36
0
28.5779
46
96
18
97
31
16
90
49
57
13
0
54.4097
15
59
83
5
61
36
65
44
34
13
0
85.206
68
62
28
12
18
90
64
58
89
47
0
6.1066
56
19
38
99
38
41
71
37
30
31
69
86
0
16.5838
40
49
51
32
67
13
51
49
70
11
81
57
0
99.9133
4
28
12
93
84
9
65
71
27
91
26
80
0
49.3729
80
24
16
59
31
82
35
72
100
67
0
69.6457
30
94
86
95
88
60
69
22
10
70
88
4
0
87.3341
19
74
75
68
14
23
27
84
32
18
44
39
0
30.1789
5
25
70
88
31
56
13
17
8
0
75.5846
84
19
11
79
46
20
90
85
70
0
10.2276
34
37
99
61
74
21
62
19
0
35.1506
69
52
5
84
51
80
28
41
92
16
0
39.8473
75
76
86
39
55
43
74
14
51
86
5
35
0
30.2622
7
96
1
72
87
3
5
16
54
30
0
88.3661
32
32
56
89
89
80
79
87
0
48.164
63
42
90
72
96
81
69
79
11
51
34
0
46.4626
60
55
59
5
59
23
69
24
69
49
86
41
0
39.7927
7
44
13
12
59
60
86
32
8
50
0
30.4569
74
43
9
53
60
56
12
45
50
95
20
0
53.3946
21
84
37
94
77
21
45
1
51
61
0
2.5752
11
84
83
7
56
55
97
49
21
5
54
0
7.4962
88
60
43
59
19
3
57
58
75
41
57
0
98.6368
30
6
41
34
42
89
8
31
64
71
0
70.9011
85
30
16
25
87
4
51
62
6
0
12.6349
7
36
6
17
9
45
98
31
60
66
0
95.5704
96
30
99
56
81
13
73
45
39
39
59
0
27.2203
91
83
77
49
17
92
67
24
49
24
0
9.2883
68
56
42
15
32
66
99
60
86
0
44.4509
40
69
14
26
38
48
7
32
8
0
31.2937
39
66
45
1
55
55
11
20
85
72
0
45.6897
96
38
11
100
97
8
6
67
22
28
49
7
0
53.8079
89
50
17
51
95
16
94
2
70
35
14
0
54.335
64
46
7
91
89
94
30
73
34
49
58
0
38.4469
29
54
7
86
27
18
63
40
1
73
0
82.4365
26
97
9
29
91
46
82
16
26
91
0
4.7633
9
27
58
2
17
60
3
94
51
18
0
38.1735
92
95
39
76
89
6
100
74
69
0
3.714
92
6
43
72
29
50
64
2
97
0
80.7002
86
55
22
81
52
78
10
0
47.6104
59
61
68
30
6
15
59
41
66
77
76
0
74.408
7
66
33
18
11
52
70
91
18
0
41.1634
31
92
95
9
39
37
21
26
75
0
3.9955
50
42
15
35
16
12
100
41
25
64
0
26.0185
78
72
63
92
27
90
85
34
99
15
90
43
0
71.2839
42
72
64
52
94
86
27
47
77
97
0
91.2353
55
39
1
67
80
76
28
52
46
0
15.6733
93
48
30
18
81
79
52
52
50
29
0
30.4363
7
52
76
94
100
70
58
59
58
0
92.6697
60
46
41
52
3
88
40
63
13
83
19
0
17.3979
27
64
38
25
83
67
80
17
7
47
0
43.4704
53
9
57
65
61
39
70
70
67
58
0
57.6616
70
84
4
3
34
23
40
86
30
24
39
0
58.5765
67
77
11
98
37
11
83
99
94
52
87
0
76.7488
26
85
93
25
88
10
7
47
95
52
20
0
41.5073
65
9
19
80
50
20
39
40
18
14
68
49
32
0
53.8055
55
48
46
59
45
28
91
8
22
45
79
0
8.8856
100
75
15
83
75
54
49
58
23
7
93
27
0
31.5144
91
14
67
40
91
51
20
88
62
28
39
0
14.731
64
47
32
21
38
98
96
29
27
27
0
42.6089
4
60
51
17
56
83
59
6
58
38
0
16.535
1
55
93
3
20
30
35
71
78
66
69
90
0
56.4363
14
78
52
77
86
94
97
23
94
78
73
0
32.7715
19
89
73
82
8
32
74
78
63
11
0
67.7653
90
85
94
39
20
41
95
20
70
59
0
6.8654
24
54
11
98
48
77
94
97
42
29
0
68.1389
35
40
47
50
20
60
32
92
59
22
74
0
14.797
36
53
9
80
25
29
70
51
28
0
71.6312
5
6
68
5
19
93
84
42
100
81
88
0
29.2886
73
29
42
39
83
30
7
92
16
96
70
0
8.4
71
75
72
65
22
31
22
86
71
53
0
72.532
19
26
81
39
5
33
35
63
0
12.6499
76
10
72
26
81
53
4
100
42
60
0
45.8761
59
88
93
64
98
41
97
92
1
73
32
5
0
77.0706
39
55
91
92
87
16
37
9
58
44
0
81.0933
43
16
30
43
12
77
31
40
24
88
37
98
0
45.412
38
78
26
73
63
96
97
63
41
17
0
79.7987
17
36
68
23
89
67
71
76
67
65
0
94.1055
42
35
49
28
50
4
18
31
28
0
45.4111
76
61
11
56
57
95
80
16
0
55.8489
16
29
52
88
50
60
47
33
74
66
0
60.2744
6
46
35
33
9
85
17
43
46
66
0
97.3194
27
97
68
8
89
49
51
75
2
55
0
99.748
97
48
37
15
77
95
78
10
34
89
0
67.5031
78
17
8
77
13
41
61
86
19
79
90
0
1.7992
95
11
50
39
96
67
54
34
30
14
0
27.5758
73
94
50
66
98
50
71
2
10
44
0
67.1545
53
57
74
69
44
3
11
24
78
50
0
91.4338
87
94
49
83
43
46
95
44
4
0
94.3795
47
21
33
13
38
3
44
67
96
50
0
35.8308
67
15
35
80
16
48
37
1
89
0
29.6878
19
15
52
97
92
44
31
77
32
83
22
0
79.7539
2
34
7
37
16
41
16
64
13
15
0
10.0892
9
13
99
29
74
30
71
75
26
60
0
13.2014
66
54
60
15
35
23
16
65
65
2
0
20.5171
33
87
52
37
2
43
72
99
46
34
0
17.9039
18
15
18
41
90
25
46
3
0
36.4293
26
15
42
54
33
37
37
60
20
68
77
0
23.3093
30
84
59
70
69
13
10
53
65
86
0
52.8503
97
78
34
12
2
13
43
75
37
58
0
28.5802
22
15
89
55
100
55
31
27
0
90.5171
98
30
51
42
14
27
75
30
100
53
0
87.1265
28
77
97
61
13
35
21
90
49
4
2
0
52.0182
69
8
75
21
51
90
62
27
9
88
0
99.6522
67
86
24
32
31
83
41
38
61
30
0
66.7531
76
20
77
38
25
53
57
91
39
43
0
31.1847
76
93
53
1
69
29
99
3
87
76
0
33.7843
59
24
93
78
82
16
11
8
56
63
0
44.8835
36
42
39
100
19
10
46
27
24
84
0
57.0513
32
61
81
81
63
16
97
30
73
67
15
0
99.9913
75
3
48
2
27
53
96
66
65
0
30.364
91
36
71
24
100
34
89
58
76
73
72
0
29.1343
18
88
99
57
58
73
50
48
93
10
0
60.3066
47
29
96
43
50
52
85
20
21
65
0
64.307
67
53
68
47
23
36
69
86
72
84
0
42.9829
83
51
41
54
20
69
7
46
60
0
26.5728
100
64
54
43
41
18
55
74
91
11
0
57.8323
8
33
75
79
63
27
45
0
27.8694
44
90
57
44
67
50
46
63
49
0
18.4704
92
96
4
33
13
39
83
27
42
14
19
0
51.3083
35
65
86
95
24
86
21
3
0
16.7124
11
92
87
44
54
54
15
6
8
0
96.7755
83
92
43
46
68
86
14
6
70
0
13.2274
63
76
60
36
25
2
95
50
42
0
64.3269
31
18
28
33
63
62
98
36
51
51
0
76.1933
4
30
26
52
83
77
99
71
76
49
27
41
0
32.6579
38
89
54
27
13
3
81
98
32
44
0
47.907
14
94
11
36
42
56
35
35
68
52
0
79.9655
91
77
54
19
67
29
1
49
4
60
49
0
94.9413
71
54
87
22
44
3
19
87
42
84
59
0
12.6067
69
91
83
21
60
65
22
18
68
92
0
94.3745
21
12
67
16
57
99
94
27
46
35
98
0
2.2022
62
12
43
24
27
94
88
70
60
10
0
86.1385
59
79
16
27
40
8
100
82
0
91.7089
95
80
44
72
97
48
53
91
70
0
1.7149
96
12
83
99
95
6
14
7
35
43
0
27.6384
34
52
26
2
75
4
23
81
70
87
91
0
20.2102
89
38
87
75
84
75
88
24
68
81
0
36.796
57
11
84
48
44
2
16
12
25
95
7
27
78
19
0
57.7782
5
5
87
29
16
42
39
12
74
72
0
64.8156
70
5
22
52
25
42
4
68
45
8
0
35.4779
31
76
42
53
92
27
71
78
29
68
88
0
38.8212
95
19
49
9
82
10
28
4
58
56
15
0
65.9186
76
2
80
85
18
91
18
13
76
43
70
77
0
78.005
69
1
41
26
69
6
96
35
27
60
0
80.4462
1
23
53
63
9
78
71
40
39
99
0
30.7879
58
36
72
5
13
38
95
1
75
69
0
77.5645
21
59
14
15
14
22
10
17
20
0
97.8343
60
64
41
43
62
100
52
13
52
34
0
38.636
10
1
88
99
89
49
81
56
88
5
78
0
0.71596
80
42
3
94
62
100
32
33
7
0
31.0249
86
49
61
31
79
85
12
80
1
0
97.7773
97
64
20
43
46
66
7
6
21
91
0
9.5037
61
47
25
5
49
4
33
85
93
96
0
59.6247
27
65
70
86
23
54
71
71
23
45
0
5.9611
24
63
50
49
10
79
27
95
58
80
0
1.4084
14
41
37
13
26
30
21
50
69
0
78.3914
29
71
13
28
86
92
48
32
58
52
0
30.913
18
76
80
15
54
91
66
65
39
0
79.2033
10
55
84
4
36
25
18
55
29
34
81
0
71.3331
96
93
11
59
62
45
67
44
61
85
50
42
0
56.9575
72
38
35
3
21
26
71
3
18
14
0
91.1923
82
55
72
61
19
45
40
84
96
3
0
94.6011
39
44
47
14
80
72
8
37
37
9
11
0
7.5257
11
90
3
53
61
67
58
78
89
24
35
0
63.6788
13
26
12
51
21
13
46
87
49
25
0
2.6979
22
48
60
70
91
86
38
41
64
87
0
32.5368
36
39
22
54
62
57
3
45
28
52
0
78.1649
94
35
32
55
96
12
28
32
78
0
75.2232
29
59
37
23
28
77
44
24
28
89
96
0
1.9796
31
13
99
5
47
9
19
99
57
60
0
87.616
40
5
80
8
5
52
65
81
28
97
9
0
50.4606
100
52
7
39
67
2
42
91
33
0
46.2387
73
85
66
41
29
87
40
88
22
42
0
14.0554
96
73
48
70
42
30
63
61
36
83
0
64.243
11
29
13
11
43
61
92
55
64
19
0
67.1713
76
90
61
47
65
60
12
22
49
97
28
0
56.5568
13
18
28
45
49
55
13
24
0
75.3414
72
64
35
16
74
36
86
96
35
69
86
0
64.2793
34
13
44
45
34
35
60
42
84
96
0
42.8788
48
97
92
55
29
42
33
95
69
77
0
28.1307
82
33
15
36
49
68
38
48
42
0
84.3062
51
19
39
25
60
2
44
54
34
15
0
59.607
73
9
87
9
26
96
92
16
72
0
83.6742
6
86
86
38
71
34
45
6
52
0
4.3238
92
84
3
75
57
90
50
64
21
0
90.1413
86
25
83
91
89
20
68
68
27
0
95.3759
28
64
13
10
46
42
87
70
47
0
34.6871
69
32
15
67
61
61
53
73
8
50
0
62.3188
56
22
67
16
50
11
29
47
65
66
0
10.5982
7
19
51
95
88
56
93
65
39
0
21.1595
34
75
90
18
11
52
86
68
82
83
87
26
0
15.1291
33
34
22
45
7
82
23
53
81
13
95
0
80.3677
91
88
81
60
63
60
79
72
21
56
0
20.8888
52
6
77
59
86
85
61
16
70
3
0
17.3666
63
57
51
77
39
93
8
43
4
0
92.6551
8
23
52
42
6
51
22
35
2
48
0
91.7426
25
31
50
3
43
11
8
40
72
0
66.2002
82
6
97
21
87
91
84
57
66
97
0
40.8012
91
59
37
35
64
85
53
33
48
42
0
38.7378
23
10
90
8
81
73
83
42
93
0
96.9794
22
2
72
36
26
52
98
16
85
66
0
29.9015
56
13
94
75
42
75
54
12
23
77
0
73.4614
3
33
82
89
44
17
87
37
92
17
0
56.0236
80
34
41
26
1
1
25
7
33
30
0
80.6237
17
13
62
95
27
86
5
1
75
47
24
58
0
77.1958
67
31
5
81
35
91
59
17
90
1
0
7.3165
100
18
37
19
75
56
88
84
80
29
13
0
45.1283
88
7
30
8
45
4
33
17
96
48
97
0
23.6036
76
6
21
86
77
39
49
0
24.6255
94
49
64
14
50
64
42
3
61
0
5.3849
46
15
58
7
39
28
80
38
18
40
81
0
93.2235
29
53
70
48
18
65
63
52
95
63
20
80
0
38.3676
76
67
35
82
94
26
80
55
72
99
0
79.4274
66
58
47
16
86
38
86
49
82
56
76
0
45.0415
31
73
72
7
52
69
1
59
79
94
13
94
0
66.18
59
12
3
70
3
25
7
12
76
0
23.178
80
31
26
65
90
96
50
4
54
99
51
0
39.2675
88
76
24
13
12
7
71
63
4
18
0
27.6767
70
87
52
39
92
4
91
88
78
80
44
0
26.8088
96
52
92
66
73
28
21
27
70
0
97.452
68
35
46
63
41
76
55
36
34
0
89.2534
27
36
58
70
50
30
99
23
20
22
69
0
81.412
45
71
32
32
9
17
52
97
45
32
95
1
0
22.2058
41
42
88
17
71
35
53
43
4
0
45.1803
12
72
50
41
89
38
16
76
35
0
86.185
100
61
63
59
38
92
11
76
60
18
16
0
59.8832
55
75
68
21
97
36
13
21
83
75
23
0
52.2004
59
16
28
69
93
21
62
96
36
88
0
0.15139
72
66
15
35
68
55
40
98
66
45
37
0
14.403
27
85
90
92
7
40
16
77
40
5
0
60.5784
44
5
11
1
68
24
41
4
36
93
0
80.466
67
47
100
92
37
34
54
73
53
0
48.4884
83
67
44
10
2
3
78
29
76
60
92
0
83.8956
85
25
69
30
10
6
19
86
62
77
0
80.1014
73
69
64
59
6
84
1
14
0
21.5403
35
49
68
84
29
85
65
20
35
15
0
10.3263
92
62
34
10
56
94
64
87
94
0
85.1965
45
59
55
18
93
100
65
49
34
27
0
57.6026
93
68
75
5
81
75
76
40
79
60
89
0
33.9792
12
95
31
61
34
71
25
95
63
78
0
23.4063
93
27
70
63
16
26
94
90
76
44
74
0
77.7763
87
73
66
71
56
5
34
25
5
0
81.1975
12
100
50
9
94
86
29
57
38
34
23
0
83.8371
25
77
30
91
27
84
24
91
83
0
90.2319
18
30
67
61
43
21
40
43
54
0
11.836
45
83
10
69
14
29
56
2
21
49
35
0
62.409
23
90
9
42
40
24
58
72
95
38
39
0
28.1157
23
20
59
69
80
90
100
73
47
0
8.9719
5
69
27
60
43
8
9
2
37
45
0
83.5803
93
31
46
55
14
82
99
14
11
6
0
48.1083
53
36
18
44
69
78
84
68
39
88
0
20.2811
3
58
67
41
5
76
24
71
97
91
0
25.1726
62
22
75
29
60
87
68
32
91
3
0
70.5397
76
27
90
94
92
92
42
82
89
0
97.0122
34
35
72
44
38
8
76
43
38
11
88
0
33.2558
17
15
46
41
57
31
100
18
0
51.1174
98
88
32
43
16
28
35
85
89
52
0
34.6302
98
99
75
71
50
43
74
92
0
17.8202
86
57
41
22
39
63
98
28
17
57
58
0
62.996
48
90
37
25
12
85
23
97
39
11
0
1.5269
78
7
56
62
100
2
4
44
47
0
95.453
6
99
82
82
1
82
5
73
99
50
52
0
89.5466
7
45
82
5
36
54
80
45
95
0
72.9396
77
8
14
10
2
75
26
93
8
42
81
64
0
27.6169
29
12
4
45
40
25
81
52
56
48
4
60
0
96.0602
30
28
56
92
62
35
4
33
2
0
58.7322
71
68
54
97
90
8
94
91
92
98
0
44.6402
75
4
50
19
7
80
40
70
99
0
81.4486
70
97
4
80
56
49
96
35
29
24
71
0
50.2665
73
49
26
21
49
58
69
92
77
49
0
95.4005
8
72
71
49
23
95
71
65
13
36
64
0
39.3735
8
62
55
93
66
57
36
63
45
11
76
0
78.8594
56
50
10
66
63
6
83
52
50
0
65.7134
22
43
94
39
13
74
83
92
76
33
7
69
74
0
24.4903
13
41
86
43
80
31
82
23
70
0
30.9734
79
68
13
83
59
76
36
55
90
0
59.5704
14
81
70
82
18
76
14
13
0
15.9818
47
68
48
97
96
32
71
92
19
20
0
83.1206
60
53
100
39
64
88
99
8
40
0
64.322
95
33
72
27
3
38
96
94
16
0
93.5157
96
49
35
11
88
5
6
15
5
0
24.4591
27
34
89
37
58
59
22
9
92
9
0
16.412
82
61
49
8
77
85
54
66
42
67
0
59.1965
37
38
2
4
21
70
21
47
0
28.9543
27
45
43
97
15
35
33
56
0
74.8374
32
34
82
80
62
69
80
22
20
0
89.3138
65
82
35
57
66
86
68
16
28
76
0
28.6419
88
5
68
35
4
29
96
44
59
97
0
20.7825
8
35
89
81
41
11
69
24
0
33.3476
16
26
98
64
2
3
72
78
93
74
88
0
61.9546
62
15
57
24
77
51
71
40
91
16
81
0
77.2885
28
92
60
20
67
57
82
64
39
64
0
32.6173
89
2
86
66
5
88
21
3
84
82
85
0
41.0899
51
48
90
69
19
13
21
35
46
53
94
0
48.3876
91
28
70
48
99
27
57
89
37
36
69
0
39.6028
66
69
58
65
67
77
83
63
22
68
17
0
22.8202
72
46
54
56
15
77
56
8
14
72
0
20.7093
26
77
18
75
69
26
2
72
6
0
68.8361
8
68
88
32
58
37
60
18
58
75
0
12.9481
100
17
67
67
70
7
12
0
10.648
71
26
75
66
59
99
87
81
71
58
0
78.0235
93
27
85
86
60
62
1
28
83
27
0
34.3516
73
10
22
49
82
41
37
1
16
0
21.6431
91
50
58
30
1
54
99
96
22
0
29.5888
25
39
51
41
1
36
75
29
48
2
52
74
0
58.2375
55
46
12
6
31
16
85
50
55
49
0
79.7544
32
52
47
6
90
49
12
84
29
0
66.1427
32
4
15
76
3
78
87
88
56
59
36
0
22.7899
61
35
17
65
71
5
64
75
30
28
0
57.1885
43
19
74
41
22
14
48
72
85
47
75
0
24.2849
38
69
49
76
20
29
34
40
94
33
83
0
33.5946
2
48
17
13
44
99
37
87
70
15
0
60.6129
57
38
55
19
23
95
78
59
89
54
0
46.2738
83
85
73
64
60
2
61
93
45
5
63
0
21.3981
26
32
95
90
93
33
29
47
90
82
0
96.92
94
67
9
48
13
92
56
42
86
38
0
5.2356
43
89
35
12
17
20
38
90
87
26
51
0
65.5437
67
72
61
10
40
87
36
57
0
58.9508
81
5
95
19
91
25
92
59
59
0
75.2085
11
86
38
39
8
2
73
86
31
4
0
43.4576
32
7
90
11
32
100
32
54
29
0
45.5211
48
53
39
49
2
60
85
2
7
69
0
25.828
71
93
12
86
98
38
77
42
64
0
18.4131
8
38
99
53
84
88
1
94
29
0
80.0447
53
13
22
81
32
99
93
50
4
12
0
37.483
43
9
75
81
76
7
49
75
46
24
0
12.3192
59
64
27
50
47
9
62
89
79
20
0
84.52
67
90
36
54
14
11
41
77
13
88
0
52.572
8
71
41
37
28
8
52
63
65
29
91
0
55.2034
97
94
18
12
42
88
39
54
86
20
0
94.2096
9
71
88
67
89
33
29
89
35
0
52.515
10
20
20
97
87
68
23
16
42
51
0
80.626
82
28
91
62
68
68
34
10
15
0
91.9082
72
9
2
28
33
68
81
59
92
46
43
0
47.9353
74
27
61
31
24
3
73
15
97
0
98.6334
23
67
98
63
4
15
27
20
61
86
0
9.1843
79
55
52
11
4
34
38
11
6
0
98.1183
42
87
10
59
95
77
93
67
50
0
33.4832
29
50
75
13
81
2
61
39
6
0
81.3156
9
77
21
12
29
10
72
51
86
42
0
38.4965
43
22
78
19
89
82
64
20
78
98
0
84.4152
60
24
90
70
47
37
55
72
13
76
55
0
19.2905
15
72
49
87
18
67
11
25
9
95
0
72.1629
52
72
50
11
85
77
86
90
95
0
58.8328
38
60
92
46
2
36
32
34
40
0
85.1906
20
26
90
43
94
30
46
46
12
0
19.3697
23
37
74
55
22
98
28
85
51
94
0
77.8575
79
34
60
1
82
38
21
83
86
34
0
19.4459
94
94
4
22
59
72
25
86
68
95
0
6.5198
94
3
40
24
32
20
33
10
83
53
55
0
37.7625
19
8
84
75
74
31
8
43
5
10
0
37.5115
14
30
99
5
3
3
57
11
27
25
0
29.5812
15
62
89
37
60
49
28
41
58
56
34
56
0
98.6631
92
11
42
26
24
29
50
18
26
82
70
0
30.2362
90
48
34
42
30
9
44
86
74
0
82.5963
12
22
52
87
26
100
62
2
0
71.868
62
3
83
76
42
26
60
38
19
0
17.4458
16
75
3
23
27
85
9
79
5
69
0
28.208
63
50
37
42
36
56
20
11
49
43
54
0
47.2193
46
14
94
64
35
99
69
26
25
45
0
61.488
19
82
27
34
66
18
14
93
0
5.9574
66
1
95
35
26
53
82
58
3
45
94
0
47.4442
55
2
95
18
92
92
14
14
25
35
67
0
74.7504
5
4
44
12
7
43
34
15
19
18
82
0
56.687
28
49
82
85
18
74
93
57
98
0
66.3433
5
44
66
98
85
33
24
29
56
24
4
37
0
5.29
3
95
9
15
67
80
36
72
39
68
0
17.8541
69
74
30
75
65
62
35
80
74
0
26.9246
83
64
42
29
93
41
76
7
93
45
0
73.5555
5
66
70
8
53
23
35
86
19
0
22.1874
19
23
82
32
18
36
62
50
2
0
18.2852
88
24
45
19
76
82
80
83
37
1
0
20.461
3
26
41
56
96
13
59
42
48
80
0
97.0126
60
58
28
64
24
53
77
45
63
62
0
29.1462
50
41
52
12
17
87
50
5
6
0
31.3798
93
2
48
34
38
20
82
71
86
66
0
45.2512
58
33
24
100
44
100
64
75
71
82
0
61.0456
61
77
66
61
91
57
62
43
64
19
83
0
49.967
19
8
8
53
61
74
93
83
64
60
92
0
77.6345
25
2
76
92
60
78
37
88
30
84
0
15.812
83
76
99
2
31
67
90
58
13
48
0
99.7758
76
83
42
30
19
77
3
22
36
0
28.8784
4
3
86
96
71
93
89
69
66
34
0
71.1329
85
64
91
35
51
25
50
2
61
29
61
94
0
68.7316
57
20
48
98
72
94
19
27
33
0
96.3347
28
21
31
28
6
96
91
91
10
47
0
13.6692
3
26
37
37
9
94
20
27
0
46.7694
56
19
66
39
67
58
81
26
31
25
0
8.4732
11
89
58
25
86
24
97
4
52
80
0
43.7861
29
2
36
1
58
57
63
13
42
74
0
82.754
97
23
30
100
15
59
67
92
31
49
98
0
21.9149
38
98
70
81
11
79
12
12
50
66
0
20.3518
52
75
14
38
5
78
64
90
2
48
49
0
61.5231
28
69
33
45
86
83
19
35
56
34
47
0
79.9811
1
67
83
75
76
49
49
83
22
68
0
48.5833
79
9
92
7
16
95
29
45
3
56
0
21.7237
82
29
41
20
19
89
23
25
76
31
27
0
94.364
54
62
16
77
54
91
88
79
1
15
0
16.4885
46
65
74
7
83
13
41
17
55
13
0
49.815
8
62
77
44
99
92
77
87
41
50
0
44.4903
72
99
27
28
72
68
23
47
37
0
79.3194
41
70
47
36
47
50
70
76
0
14.2404
90
21
39
88
96
86
100
90
37
31
22
42
0
64.6703
33
7
41
27
96
79
29
1
26
67
12
87
0
93.1784
59
100
99
67
32
56
14
46
9
0
98.9165
80
22
17
53
22
66
39
63
49
70
86
0
5.8176
68
25
14
100
61
3
7
29
61
95
0
99.0146
56
4
76
23
61
30
70
38
50
0
86.8529
80
61
60
42
8
49
4
67
67
84
16
0
85.6803
46
5
60
20
93
56
32
43
0
48.8011
83
29
76
38
79
91
79
47
37
38
0
12.5415
73
46
53
29
66
6
23
64
57
90
74
0
75.2097
27
20
100
10
74
44
9
1
42
98
0
35.2485
20
24
88
22
59
17
95
50
87
69
0
52.0042
58
53
16
74
44
34
62
34
48
95
45
0
50.1258
38
100
69
9
74
41
97
74
16
82
17
0
50.5006
69
61
73
44
6
76
38
77
88
98
83
0
46.9318
13
61
57
72
45
14
12
16
64
0
56.4068
33
26
29
57
39
18
52
33
6
0
48.0361
29
84
97
79
16
81
14
11
91
0
41.3775
44
21
34
33
71
19
37
59
97
47
38
31
0
50.3763
78
15
10
56
82
69
61
8
53
0
54.0631
57
54
91
7
65
12
30
89
90
0
6.4255
88
32
28
45
100
73
49
75
34
0
70.4445
87
42
85
14
27
10
68
63
13
25
0
37.7691
62
25
99
85
25
60
75
40
26
25
70
0
33.8445
99
46
61
43
34
1
17
39
44
13
44
29
0
46.7799
26
68
9
88
69
52
100
62
84
31
0
23.184
53
27
50
38
44
26
13
2
69
0
48.2339
77
67
72
16
42
92
93
22
9
0
48.2963
81
25
71
8
74
71
30
19
46
0
24.1976
78
62
58
91
85
55
13
78
38
78
100
0
5.6671
48
82
25
57
54
70
7
73
45
28
0
66.5859
14
94
78
54
40
22
93
29
0
22.43
65
80
95
100
56
77
76
40
57
0
77.7886
83
2
1
15
6
75
41
50
56
6
72
0
30.0514
54
59
53
32
100
46
42
48
0
70.89
100
57
70
45
100
55
41
29
42
47
74
73
31
0
35.1531
83
18
2
22
98
6
25
20
39
0
22.3761
59
62
44
12
72
39
69
98
41
47
0
1.4769
80
73
58
15
41
9
38
62
98
82
88
0
53.2646
16
21
56
45
99
7
34
76
68
39
0
52.5511
76
75
78
15
58
14
64
79
57
0
83.5957
62
75
28
74
66
18
100
10
85
37
0
32.0569
82
20
27
58
70
54
47
26
79
21
36
0
5.1086
68
76
35
38
26
67
20
16
33
89
0
2.7844
6
66
28
38
23
75
26
9
29
11
96
0
0.60374
2
6
55
2
88
43
1
52
35
0
32.9652
4
69
76
97
96
100
75
7
47
26
37
0
73.0306
29
1
85
19
62
25
82
66
0
0.72131
56
68
42
26
70
16
21
44
3
65
0
56.4695
39
47
96
38
58
58
99
52
74
1
14
35
0
28.0075
71
98
18
79
14
75
72
37
26
94
35
0
80.5878
58
87
81
4
59
40
61
8
59
0
5.1907
77
16
14
3
31
67
35
2
65
43
61
0
61.4735
33
57
95
53
16
83
48
9
23
0
78.5884
21
13
28
69
47
18
49
95
79
0
97.5114
75
48
87
26
28
23
44
97
2
67
27
75
0
66.8057
65
33
44
13
47
80
42
68
0
65.7152
83
31
82
27
1
61
99
21
59
72
0
83.4753
26
5
79
83
11
91
16
93
9
8
0
1.5768
27
16
20
33
39
88
60
71
61
51
65
0
67.5334
53
32
97
12
16
61
36
24
0
2.1382
46
57
16
32
92
42
74
40
86
0
55.7779
72
30
86
33
66
17
54
23
38
29
16
0
95.587
53
81
30
49
92
91
33
38
18
90
0
77.6231
100
5
56
45
4
72
2
96
55
56
0
61.5257
82
63
12
84
68
31
82
37
93
58
0
97.0937
11
53
86
33
97
45
16
45
8
75
0
42.3177
56
5
24
76
20
72
19
38
76
29
57
0
61.5525
17
43
37
12
94
21
47
37
100
0
15.5741
68
34
87
94
90
76
31
74
16
59
0
38.1691
58
8
16
79
16
51
51
21
45
32
0
80.8654
31
55
15
79
3
48
77
67
58
25
18
0
3.3242
4
25
100
50
16
71
92
51
95
25
67
0
71.5238
4
94
72
74
54
32
42
87
32
35
0
15.7121
10
10
66
30
77
92
41
68
91
0
67.3152
79
56
56
12
8
7
43
39
78
21
0
54.4546
29
15
41
44
65
71
94
62
79
0
47.7475
29
40
55
83
93
39
38
50
100
83
27
0
46.4851
44
87
84
96
17
62
11
71
47
56
0
61.9933
13
46
68
15
84
2
61
39
0
97.2624
44
64
51
9
6
56
76
10
71
92
61
0
4.2989
78
92
49
5
26
37
60
53
58
97
0
69.9247
76
41
74
54
65
12
49
64
11
44
0
84.558
98
41
20
64
79
45
71
81
25
0
14.8036
4
47
74
95
51
52
8
34
0
70.5802
16
49
84
92
98
19
31
20
22
37
0
78.6986
20
1
92
45
83
70
1
81
76
2
18
0
83.7041
5
5
58
84
15
49
97
56
44
79
0
88.7745
94
42
29
10
58
54
80
68
0
92.6161
42
2
57
30
84
74
87
99
22
97
5
0
43.3925
10
55
91
64
19
86
95
0
56.3618
82
68
32
21
92
85
93
76
0
42.2936
43
73
36
87
23
94
9
51
57
51
21
0
18.3197
65
52
91
70
4
51
88
83
29
62
0
44.3205
47
26
17
75
48
38
68
30
74
0
33.3758
90
62
7
33
96
83
60
33
68
0
25.6637
19
58
55
41
40
38
30
97
24
6
0
55.4662
72
79
61
1
58
37
32
52
42
56
0
99.2205
26
72
35
26
97
64
97
53
68
0
22.2048
71
26
46
99
54
12
6
78
12
30
0
9.4835
97
41
4
90
48
54
99
76
60
11
0
35.5977
3
88
1
46
33
40
95
24
42
68
0
50.3192
71
93
95
89
75
26
87
47
22
20
0
