500
500
27.1721
281
313
188
127
419
483
275
212
101
69
410
357
21
192
315
310
237
405
431
301
202
406
114
104
293
464
48
495
189
136
442
36
403
233
5
279
413
363
234
405
383
131
248
304
370
484
426
25
119
9
93
5
138
366
236
0
3.3504
337
171
194
319
68
292
400
364
1
121
424
412
289
480
95
367
128
410
47
451
299
91
458
288
116
43
299
315
391
15
71
215
342
361
123
64
466
393
253
107
490
233
189
194
490
468
409
212
293
285
284
423
0
82.7175
147
375
404
298
23
449
498
150
170
156
87
2
479
83
192
291
220
464
313
291
251
472
312
130
352
205
4
86
350
254
269
313
48
472
398
130
96
152
269
131
301
370
109
473
139
148
353
205
246
429
3
0
0.99761
256
418
416
468
37
254
7
447
222
452
70
150
37
109
213
254
492
91
492
300
220
228
443
464
354
162
129
35
329
1
371
302
287
352
440
213
386
463
253
489
70
452
470
107
420
432
380
492
353
90
0
49.0151
236
401
444
154
293
168
331
431
348
311
31
243
132
96
184
467
313
197
28
166
306
18
428
439
188
256
329
190
132
189
7
491
413
455
243
416
136
336
300
406
289
56
245
42
369
218
0
72.9296
66
488
439
496
3
157
86
12
95
247
499
101
249
23
183
93
193
102
283
325
126
120
384
342
496
48
219
345
254
328
480
438
497
337
61
303
497
450
414
382
398
435
362
298
0
94.4239
429
264
446
199
276
317
166
413
480
397
104
427
349
238
227
89
376
116
252
448
39
468
296
40
194
191
53
394
320
481
59
178
115
172
366
284
114
358
73
62
493
255
391
13
472
337
210
475
13
134
260
236
320
36
0
41.5888
487
46
424
380
6
121
62
364
487
81
468
214
90
375
292
180
181
473
484
55
102
491
434
318
96
41
451
104
217
494
416
404
88
352
377
360
128
53
81
232
180
455
294
128
420
361
462
0
54.3904
313
415
345
99
131
335
42
123
276
136
347
395
188
71
72
153
389
23
390
275
311
154
173
277
315
33
325
297
409
365
142
121
462
182
82
439
7
451
320
199
285
133
274
239
324
115
107
147
212
156
451
0
12.9256
105
55
417
264
418
468
299
22
140
478
489
340
233
11
470
317
40
385
448
157
154
430
260
13
297
223
216
493
323
243
28
134
232
434
454
396
15
28
162
431
424
431
364
145
115
430
109
231
409
310
119
246
368
194
409
0
60.8263
4
343
448
95
326
315
90
328
105
476
383
205
35
172
249
136
204
380
367
176
400
484
471
360
25
308
327
284
285
101
24
230
326
151
297
4
172
480
228
300
430
280
223
42
393
132
26
410
394
111
472
109
0
39.2686
246
124
16
246
78
495
170
195
439
203
180
88
61
461
101
248
409
267
263
366
273
48
228
218
316
27
444
445
221
151
357
500
362
327
68
358
266
292
118
175
245
94
114
16
95
0
87.3861
331
258
373
243
279
338
69
237
184
406
392
81
6
301
210
440
160
38
472
375
301
395
340
324
484
178
50
134
259
312
334
292
279
347
448
443
386
326
73
381
409
52
341
273
50
191
254
377
160
391
436
275
305
0
65.7738
222
362
371
66
498
17
378
288
145
399
112
14
434
455
88
291
307
463
261
110
373
143
117
191
105
360
409
483
18
272
288
141
134
403
283
248
267
194
27
172
217
263
63
171
26
155
30
143
203
442
413
347
127
99
252
452
0
85.1924
313
430
463
217
83
386
388
115
248
462
171
428
33
500
143
117
8
181
304
3
201
316
261
115
282
342
364
172
65
475
377
432
382
30
122
140
282
118
455
418
356
396
449
64
276
12
113
454
138
123
277
34
0
5.7047
491
428
174
408
496
398
113
452
42
133
72
445
18
211
474
451
198
153
308
211
477
410
166
402
264
429
431
164
454
361
44
410
156
485
33
202
424
267
403
279
431
296
31
405
258
310
497
88
410
180
325
0
53.2038
454
289
192
493
86
49
229
343
296
173
323
14
490
217
16
486
486
311
457
403
115
79
408
309
102
156
350
164
127
326
446
328
136
256
175
113
453
89
181
16
500
52
2
448
123
462
81
384
85
391
231
398
466
96
0
3.2045
16
140
211
161
495
398
494
87
493
169
128
447
5
394
412
385
294
185
96
285
112
239
148
376
220
264
322
480
27
108
479
446
351
123
213
49
319
195
372
220
50
173
14
396
368
393
65
384
0
64.3439
200
340
97
383
387
133
5
434
2
231
30
317
216
495
456
162
189
376
370
41
213
73
281
379
152
356
182
343
260
281
137
460
488
479
261
20
344
18
443
469
176
171
1
278
493
292
426
144
115
0
45.1191
276
303
391
437
32
245
205
132
420
377
266
446
409
264
166
161
293
480
53
479
184
95
440
13
239
209
235
312
53
149
212
185
186
479
122
176
156
376
482
456
204
0
57.5227
480
124
305
300
302
93
224
306
1
74
133
292
456
355
49
71
228
81
360
100
258
248
341
283
14
263
144
203
451
359
388
439
305
220
484
329
279
361
185
247
7
250
167
118
47
417
78
374
231
323
351
0
1.8939
245
464
73
98
241
449
128
101
367
211
474
127
291
181
133
231
397
160
197
424
291
379
375
401
26
204
480
490
267
450
135
156
96
50
189
144
252
365
385
187
124
163
462
446
414
311
51
344
225
161
0
25.3838
160
484
287
483
319
76
489
425
43
370
293
212
415
498
173
414
341
32
402
370
214
157
114
163
444
214
246
31
16
202
222
310
419
52
343
242
18
334
254
471
202
297
277
321
77
457
90
225
0
32.6651
214
192
146
99
56
20
248
216
349
344
214
157
31
21
484
168
117
40
276
277
22
402
233
499
236
147
306
236
115
493
99
419
479
345
286
166
203
87
268
364
494
436
283
494
146
431
231
115
37
435
0
71.3496
494
389
353
1
450
42
109
104
204
367
118
305
218
455
16
3
190
240
370
67
262
435
153
257
451
200
190
269
468
144
179
222
307
73
47
258
447
296
99
273
237
402
373
23
221
106
284
455
322
428
189
146
0
23.7509
239
349
63
182
222
256
123
428
34
295
437
418
262
20
272
230
346
434
428
351
33
19
457
479
207
491
237
174
416
181
183
85
12
135
21
427
166
267
156
451
360
282
262
126
442
420
62
30
101
234
455
320
450
486
191
478
407
364
287
0
5.5002
220
497
79
252
90
137
457
195
54
319
10
373
383
427
62
412
171
222
132
483
402
313
176
117
144
421
168
187
391
379
236
87
280
34
345
337
282
303
138
317
283
276
423
0
89.408
245
132
402
322
208
196
112
472
408
202
179
276
31
239
136
200
267
425
455
77
225
205
423
85
428
234
48
186
381
446
469
476
262
58
359
326
281
266
83
113
265
73
7
302
72
261
159
235
0
44.8995
166
398
353
243
229
382
196
338
2
74
378
301
376
311
53
203
471
59
205
352
413
52
374
127
197
470
107
292
444
398
194
49
157
460
164
114
371
415
403
445
383
252
29
312
0
39.7839
332
62
468
141
315
437
106
76
108
405
67
250
294
385
321
58
319
40
474
253
346
410
250
319
133
225
124
138
307
280
113
296
179
110
74
411
267
268
260
449
432
142
311
19
126
490
387
103
5
99
348
0
78.7514
228
443
408
260
308
342
202
450
70
131
32
89
226
494
454
25
353
177
60
186
480
341
232
118
370
348
364
387
229
318
311
352
257
241
41
443
105
264
90
346
20
52
83
197
14
420
344
271
121
35
305
49
207
208
0
26.0393
460
200
465
295
377
89
304
17
397
228
233
330
396
286
289
305
463
480
246
126
290
344
62
177
453
41
241
13
400
253
455
125
79
324
240
116
122
369
244
108
44
336
74
467
209
237
213
308
374
0
59.3935
8
321
377
381
218
229
84
303
4
311
218
219
267
419
191
444
321
51
36
55
141
289
448
368
481
341
160
442
260
280
249
414
54
95
273
36
153
474
372
438
370
123
208
115
36
39
332
95
0
46.8352
350
214
235
71
353
111
170
289
186
487
178
81
122
340
189
381
352
438
34
407
229
16
335
286
274
294
306
403
379
381
322
339
461
425
359
434
379
169
159
120
149
392
405
114
476
251
410
0
84.2053
170
196
181
222
3
155
19
39
16
261
138
467
54
427
436
148
268
16
424
429
486
488
303
172
67
368
390
35
210
255
45
97
184
248
468
164
43
381
115
217
408
390
416
25
239
311
310
192
436
78
105
354
93
421
291
342
0
64.8602
437
166
207
150
293
116
184
78
400
372
273
90
266
386
445
31
473
448
448
441
52
438
324
117
114
405
397
225
471
39
460
414
115
143
493
311
406
211
161
127
386
98
5
214
425
117
231
179
271
261
175
180
162
0
45.0495
39
280
326
190
278
287
86
414
434
217
287
158
192
62
352
129
190
186
209
98
11
270
268
61
424
348
328
445
436
286
252
113
172
251
178
486
52
248
105
361
181
161
398
125
18
320
207
0
84.8884
107
392
42
146
276
331
487
230
115
174
257
227
67
301
9
465
457
76
496
13
30
275
94
475
121
100
2
113
391
91
225
479
312
246
423
320
173
433
374
351
243
226
57
40
169
374
8
45
326
2
346
92
186
156
438
288
58
0
68.1405
51
82
262
336
132
438
213
10
139
435
255
298
122
454
236
198
110
348
289
125
165
191
230
366
449
287
20
257
414
321
26
421
187
183
237
243
256
339
300
133
54
12
3
454
91
0
86.6627
392
133
111
456
405
149
358
85
197
475
336
30
57
456
94
117
378
85
9
288
494
263
447
336
118
95
168
34
63
242
220
437
451
360
79
78
491
317
224
352
53
258
347
373
65
272
29
473
81
38
412
177
0
53.8754
163
281
465
311
472
303
180
291
115
320
150
448
200
7
244
55
132
289
216
207
4
138
384
269
152
125
13
266
335
411
155
154
331
81
259
18
384
30
230
365
220
242
457
187
150
252
97
301
42
427
468
279
367
0
77.1866
212
103
52
321
227
160
458
128
446
30
73
17
346
189
75
435
78
273
425
217
206
437
262
145
175
489
161
83
205
105
112
255
236
330
35
207
167
150
357
280
361
88
428
22
0
34.3239
397
357
432
263
459
114
210
477
327
242
143
212
74
62
248
182
359
322
334
136
279
460
309
172
106
118
261
121
258
367
188
309
358
16
12
381
95
420
151
367
460
463
38
480
336
415
92
217
299
275
136
67
330
0
68.6085
189
58
248
42
230
126
494
340
401
203
165
126
363
47
489
395
365
111
19
454
136
52
30
31
221
42
414
264
163
482
399
306
84
326
397
86
410
109
280
442
212
454
185
154
240
130
101
339
483
77
0
16.7762
439
69
489
277
153
433
350
135
396
106
443
270
130
86
391
419
137
450
419
393
343
279
226
124
259
192
27
483
357
318
460
183
180
134
468
360
274
185
121
89
0
72.8973
217
293
99
183
121
110
281
401
361
382
89
295
57
288
14
370
296
101
428
135
429
238
377
65
204
291
94
189
403
495
323
434
191
444
364
208
342
441
130
202
337
32
349
377
376
204
281
56
455
91
251
383
353
21
130
238
424
437
430
0
21.9331
160
32
194
217
411
72
392
36
276
417
263
389
180
146
39
110
484
443
82
348
95
323
231
162
50
178
498
178
325
224
134
305
468
114
345
31
22
186
11
155
113
259
226
258
430
440
465
136
393
406
192
482
0
90.4648
266
97
369
186
109
247
227
108
162
90
172
336
108
367
462
159
239
357
381
229
178
90
202
204
452
430
241
239
55
389
249
398
163
359
17
129
228
262
350
48
485
337
431
153
309
340
166
0
39.0808
379
202
97
4
145
338
174
50
415
315
25
353
370
285
58
446
67
270
150
123
71
250
302
425
84
330
297
165
384
301
176
333
492
161
172
125
456
175
395
291
0
90.0178
1
373
444
488
256
461
126
285
47
478
409
103
285
353
41
20
208
476
256
174
114
385
455
287
297
118
167
343
315
388
120
344
176
346
71
332
133
64
347
364
393
64
182
400
367
276
170
162
0
39.7729
174
88
420
217
142
187
360
323
25
251
193
366
257
495
470
323
97
71
288
208
224
312
147
222
108
39
279
114
311
362
9
229
490
278
177
236
166
33
313
424
57
201
214
320
289
266
328
468
133
57
204
146
452
0
67.8187
31
223
457
347
143
348
36
441
333
286
377
442
412
476
240
112
120
441
332
167
202
459
101
31
475
101
68
276
446
499
320
324
426
192
397
252
298
379
363
294
144
113
391
417
2
419
87
236
488
352
341
342
415
170
83
5
479
152
0
89.1983
452
30
460
247
141
264
46
255
485
383
194
31
460
183
85
71
192
433
447
475
159
428
432
188
338
260
104
129
198
327
206
235
357
265
136
69
296
464
285
335
1
225
200
55
0
48.5332
130
61
468
134
446
100
438
119
254
423
277
5
54
192
408
256
199
442
169
186
327
220
435
318
334
134
308
494
422
193
259
498
108
153
53
165
65
247
322
469
420
73
328
246
10
202
79
0
47.996
421
386
17
492
320
286
276
318
405
247
463
3
231
52
452
418
44
197
255
7
33
347
373
330
158
34
378
497
392
259
256
435
24
90
370
382
116
186
353
354
286
84
164
142
312
79
285
210
0
29.9842
218
224
380
92
27
479
294
343
51
416
427
217
305
247
196
470
105
129
58
335
308
316
282
80
272
62
125
61
435
318
232
72
93
343
237
97
97
272
456
76
401
442
461
466
340
0
77.6039
51
225
338
237
215
27
295
173
196
179
491
21
288
91
336
300
87
126
222
485
60
9
61
24
442
97
393
137
461
321
114
387
279
132
69
211
354
161
1
456
158
325
372
105
82
227
191
441
252
96
257
102
377
95
0
94.9737
468
141
279
454
196
229
450
181
190
198
472
452
81
495
228
127
244
292
473
241
287
463
25
191
214
379
336
413
365
24
187
296
165
390
247
148
279
35
230
189
350
70
499
272
42
402
291
327
384
0
1.637
72
254
295
341
57
495
414
378
216
433
50
99
43
106
190
143
329
225
470
111
157
450
311
241
270
449
477
168
51
185
269
141
70
294
47
364
277
461
20
211
480
444
64
242
301
285
120
19
403
220
245
91
264
0
62.9695
119
351
233
474
108
40
394
96
264
405
188
204
265
49
187
436
247
157
225
294
191
16
226
486
31
499
402
137
183
324
234
420
318
159
92
120
489
339
293
4
152
356
269
425
107
44
82
215
318
416
0
14.439
339
134
213
343
79
402
224
114
282
180
200
286
277
403
78
101
152
401
375
459
322
128
145
313
70
331
14
423
126
414
225
393
219
275
465
222
315
320
290
424
325
346
498
0
63.5343
289
194
28
327
358
163
41
71
96
64
236
225
50
441
289
55
355
336
461
217
50
69
160
306
282
90
419
286
224
43
403
60
9
189
326
66
255
242
241
79
188
52
173
94
383
466
286
462
0
83.7271
452
341
483
407
366
102
98
402
358
342
108
372
400
257
38
288
8
163
63
430
434
93
495
373
457
453
372
73
7
246
175
216
147
263
294
472
419
363
372
311
385
38
121
109
320
115
386
213
82
0
60.9905
189
199
283
82
343
159
251
119
388
213
326
17
438
246
265
429
127
182
360
247
85
425
332
80
90
389
138
33
410
266
393
262
444
70
215
241
35
365
173
18
470
493
378
358
430
438
229
487
334
0
70.2794
223
376
454
183
25
466
285
409
122
140
192
249
283
290
290
267
444
241
355
481
144
349
397
227
321
96
370
397
179
205
260
309
266
289
373
245
55
298
225
200
458
75
210
0
42.3377
363
490
439
345
427
250
128
145
315
325
455
351
355
261
402
270
120
488
387
190
314
127
197
253
414
410
86
44
51
251
235
400
222
210
424
472
123
271
182
0
54.4967
183
424
329
275
68
167
289
499
317
80
300
86
264
65
273
397
372
205
20
415
288
220
468
67
374
58
14
341
69
448
157
388
17
382
28
284
495
467
249
4
170
384
401
242
356
115
491
391
385
104
0
12.4411
475
165
44
75
111
248
141
287
293
202
373
403
16
376
172
426
3
202
53
414
73
190
430
52
327
152
212
222
370
484
123
478
344
25
409
363
185
240
71
444
110
430
443
363
464
112
421
328
311
38
425
49
212
69
9
178
389
12
0
32.5102
439
172
38
317
100
358
96
81
342
78
251
371
31
22
340
205
475
454
455
396
29
301
395
315
120
93
206
188
396
454
128
449
334
453
464
72
441
415
48
216
481
257
399
40
92
285
83
119
413
497
199
0
42.3996
77
296
480
225
158
468
225
130
299
112
146
493
265
459
362
32
368
133
331
474
481
127
171
411
216
396
144
39
44
371
9
268
484
334
421
28
168
474
0
46.7323
393
310
471
379
113
478
273
245
391
363
253
273
25
279
217
389
73
277
254
487
434
236
1
116
176
281
39
288
199
360
490
434
135
74
407
129
392
269
434
168
407
473
464
244
470
388
79
24
165
345
53
252
194
0
30.4832
178
242
97
68
48
318
185
100
418
135
350
65
248
4
41
353
168
266
176
306
122
303
50
255
429
86
385
3
408
352
380
424
233
483
140
356
265
94
472
0
66.6744
201
284
75
194
12
206
189
372
16
134
472
453
444
312
457
152
31
445
305
71
332
235
153
430
492
307
298
246
250
280
173
174
335
483
36
271
465
292
295
479
403
491
9
309
22
60
391
435
38
64
265
313
144
154
408
0
67.7194
53
425
374
77
220
370
84
243
113
96
117
315
34
31
239
201
227
111
53
163
427
191
346
150
119
163
256
487
445
137
238
24
59
481
496
277
402
467
260
376
216
295
500
400
204
153
429
0
40.898
301
20
476
148
347
164
174
88
75
210
146
478
21
459
317
86
268
218
321
378
318
32
208
362
355
113
195
51
311
272
104
160
262
408
221
394
296
115
82
380
214
284
288
164
225
0
58.1448
56
434
163
234
32
32
96
44
418
11
328
381
308
19
463
141
388
166
203
339
82
393
213
323
291
5
364
110
295
283
160
491
395
316
85
473
318
490
351
75
5
92
353
343
485
186
332
2
391
235
499
289
0
30.2743
7
205
224
311
418
138
66
10
331
119
311
249
314
274
58
406
456
134
334
391
244
364
431
30
183
73
187
58
403
160
131
341
79
109
169
470
258
224
435
70
316
0
2.9766
345
81
103
172
432
230
465
169
33
148
241
221
72
450
376
205
477
391
120
472
165
267
31
182
234
287
496
231
33
497
193
118
448
273
143
101
419
322
257
316
152
148
42
76
442
166
16
166
121
0
72.1801
414
119
412
387
217
162
445
41
211
132
371
13
24
359
409
499
84
322
91
404
485
364
429
39
426
474
80
453
128
147
358
215
205
329
200
59
361
329
495
43
155
490
174
179
320
324
24
240
0
53.4259
175
139
422
229
39
189
24
379
215
401
436
278
218
402
57
439
416
221
243
418
364
351
161
89
29
219
87
238
35
475
465
296
63
354
100
85
336
250
346
72
4
376
13
293
412
172
256
498
0
15.0679
108
313
141
368
229
466
383
467
324
196
294
120
337
113
225
344
248
20
135
85
387
295
185
210
90
468
452
146
6
454
448
76
397
156
199
282
265
413
307
0
72.7761
88
490
280
41
295
337
110
164
117
135
177
326
367
109
452
274
428
140
138
16
390
4
329
64
90
433
460
350
199
171
311
126
496
399
261
251
249
373
440
456
215
44
426
249
214
244
297
375
5
190
54
422
419
338
318
263
204
114
0
26.1693
98
26
89
209
35
384
476
410
181
206
474
297
291
280
430
223
338
93
284
437
38
491
380
192
248
384
486
429
7
315
192
412
393
274
160
24
45
13
268
154
94
179
492
241
488
398
375
350
250
53
393
374
99
55
356
324
327
0
91.217
133
153
166
280
96
355
464
382
71
192
155
210
410
451
339
20
196
152
403
22
434
442
477
22
107
26
142
500
405
68
4
161
340
62
129
17
190
297
86
216
89
77
300
11
6
302
414
157
0
95.7436
266
87
274
309
211
71
429
167
295
282
257
128
374
201
67
261
146
445
97
127
28
326
152
108
406
214
141
491
195
43
214
13
106
5
410
132
347
164
351
57
154
219
194
369
2
386
475
42
308
110
318
104
410
162
207
0
72.758
95
395
453
231
191
99
358
100
220
107
22
456
391
493
233
378
385
341
491
31
235
427
314
70
343
430
414
402
418
141
433
466
325
365
172
419
73
289
435
403
8
221
343
41
107
206
266
89
462
99
79
242
393
0
19.3862
376
303
213
74
351
57
263
215
462
149
387
311
156
389
34
327
442
287
55
174
111
309
373
274
249
346
117
32
349
60
250
249
363
51
320
253
238
287
279
266
126
334
463
214
47
291
148
306
24
290
0
78.5845
52
498
294
59
42
337
163
102
310
473
465
14
330
440
328
175
303
250
441
152
392
376
194
126
146
266
281
323
319
424
397
359
367
102
33
33
382
51
316
324
306
487
120
292
467
43
258
450
99
68
312
0
81.3216
318
32
384
131
196
103
352
295
50
8
417
256
308
427
136
85
201
89
146
348
129
368
12
49
278
227
461
77
154
198
478
365
309
451
467
41
132
490
63
464
309
286
191
174
139
437
127
473
0
99.8153
101
119
457
96
163
442
19
320
489
121
384
480
444
113
380
468
37
399
435
323
487
418
46
253
84
262
290
162
387
418
441
98
471
319
26
24
419
349
385
322
370
169
361
482
430
180
288
292
311
81
286
394
279
371
0
54.4742
167
308
465
400
297
98
215
59
145
271
315
445
391
176
222
58
57
143
22
37
147
167
85
209
180
430
84
134
449
215
404
217
407
318
297
180
444
190
241
115
174
132
378
244
276
102
93
360
455
6
259
449
271
46
191
0
75.6365
306
22
263
199
305
460
159
90
439
267
2
219
170
209
267
111
224
86
115
395
6
356
392
308
34
123
317
288
404
459
8
161
270
185
372
123
277
111
156
59
295
419
451
50
377
40
235
470
429
310
92
307
456
193
0
82.8178
108
75
234
65
26
77
486
306
126
365
420
282
277
97
99
279
44
483
406
83
69
41
142
336
32
331
228
282
201
400
138
277
345
460
255
388
143
412
303
26
36
121
352
73
115
252
106
202
100
64
0
85.5785
360
192
231
63
413
445
27
315
353
379
436
108
220
18
275
206
206
331
185
123
201
45
74
220
158
178
352
220
471
218
239
226
130
106
485
29
10
42
102
437
99
241
422
32
4
136
241
364
0
79.5234
382
365
302
297
29
396
162
166
72
87
201
498
26
457
28
70
395
369
204
257
462
292
51
342
357
173
77
3
420
195
78
156
190
484
394
272
293
23
249
249
481
57
312
257
444
236
291
413
107
258
3
470
0
1.2557
363
56
90
458
358
30
348
392
52
356
336
79
269
213
301
66
253
385
181
95
120
401
494
216
255
352
237
30
50
53
369
352
484
382
19
285
453
378
476
299
440
199
160
100
230
28
177
104
166
459
0
78.3677
386
336
52
66
223
240
76
398
335
179
24
491
293
409
291
260
456
241
64
225
61
430
172
460
261
130
441
2
367
300
98
266
443
469
252
43
260
475
329
354
53
137
241
89
209
356
488
154
259
162
254
18
0
89.712
345
125
120
86
69
267
218
464
333
392
76
382
41
263
233
435
315
275
266
21
16
178
295
211
212
255
321
447
187
79
208
43
439
461
230
332
304
377
431
421
98
305
39
84
19
294
151
202
372
343
410
232
157
488
374
0
22.3436
330
339
22
151
369
391
130
18
234
413
226
152
84
339
230
427
146
341
258
261
191
387
500
197
106
34
354
130
106
31
473
6
442
454
184
314
394
233
442
429
76
339
265
46
333
265
191
278
275
30
218
0
57.3549
384
149
139
306
246
49
229
335
27
424
205
115
152
466
382
246
405
117
439
177
234
75
364
398
67
337
154
268
369
287
324
75
33
420
29
194
68
474
1
61
356
139
171
325
5
413
453
487
441
61
455
67
331
341
0
77.0993
402
298
241
198
143
125
348
330
270
443
405
292
175
437
127
450
386
128
241
353
79
27
270
116
302
243
261
193
44
139
9
17
379
200
397
447
305
242
440
114
372
144
477
314
381
361
320
358
187
392
72
375
411
0
22.7489
101
249
378
317
129
322
177
262
95
410
301
245
146
399
458
136
416
41
69
105
251
398
362
361
290
295
374
283
309
285
384
212
344
482
130
300
228
385
381
479
64
435
156
149
37
0
96.5145
190
166
221
58
160
134
434
300
62
58
343
24
185
62
92
41
340
436
71
337
237
292
463
255
234
395
86
225
327
418
56
391
8
24
287
110
300
394
100
251
24
46
316
140
368
452
45
472
0
95.3688
51
491
473
100
108
228
326
193
403
493
308
53
398
429
180
485
110
351
421
2
372
127
467
24
50
241
282
218
158
404
173
107
109
487
9
409
443
310
74
195
243
335
106
471
141
239
454
39
356
0
23.0134
159
479
54
127
438
54
360
367
178
487
8
352
5
264
313
28
263
441
499
322
433
422
346
468
254
430
286
41
150
275
388
239
222
261
492
260
118
372
165
51
298
422
364
89
422
394
462
178
63
42
0
73.3631
314
116
409
57
190
496
143
213
434
23
81
334
350
39
45
245
271
203
40
438
354
11
88
343
32
239
417
316
18
445
68
67
20
458
59
5
375
471
406
237
334
70
215
63
183
278
373
240
306
286
198
0
49.3185
384
46
234
83
219
4
412
309
246
257
436
182
304
281
113
237
297
147
469
126
415
301
178
205
308
377
410
318
385
247
276
193
331
312
261
495
293
144
337
454
102
405
15
366
85
273
349
448
230
311
119
393
477
485
282
0
80.7321
237
481
114
116
343
254
321
362
385
308
309
397
461
25
340
465
482
170
251
234
27
54
55
216
447
328
407
116
223
347
296
118
203
311
380
108
493
153
198
130
313
252
100
380
89
272
421
436
103
433
0
25.4212
433
198
32
198
184
266
87
321
237
259
219
359
238
309
447
425
150
12
301
288
459
338
304
327
122
81
52
369
157
41
208
373
283
126
242
98
137
496
442
388
0
73.683
293
211
22
294
24
70
62
135
486
461
444
376
55
30
337
317
270
245
306
145
104
113
376
94
182
188
67
110
149
466
67
74
254
209
280
115
236
225
316
2
334
311
0
80.6559
30
116
321
240
357
146
341
323
228
320
87
341
382
180
57
151
278
25
246
112
330
448
456
57
252
259
89
424
168
113
77
37
107
133
405
288
266
387
210
122
328
253
214
322
240
2
332
239
0
21.1578
129
260
388
378
32
7
367
368
147
389
147
310
4
190
75
122
159
158
373
37
415
480
227
458
140
89
427
108
34
196
13
410
91
135
225
119
479
254
440
72
75
363
203
307
325
328
435
88
0
78.4393
13
99
435
415
268
336
157
179
14
102
459
292
319
83
399
453
314
13
228
65
107
457
169
385
102
43
111
402
392
156
112
96
223
249
315
5
191
298
70
242
247
348
455
369
391
172
397
0
71.9784
343
498
212
33
305
170
217
234
370
47
452
498
82
303
27
140
353
10
140
439
336
155
53
155
334
58
76
69
217
463
246
259
101
367
16
25
204
194
215
306
395
293
277
13
204
426
331
0
97.476
366
398
329
141
291
476
459
330
430
90
409
388
154
14
414
277
304
241
354
16
329
87
63
34
89
103
252
82
30
391
346
19
107
278
456
346
474
292
8
280
4
247
466
72
302
229
499
300
282
20
143
98
169
365
465
476
0
53.3802
345
308
85
495
269
106
243
309
374
461
282
334
192
318
41
156
260
420
421
29
240
330
179
462
330
402
370
450
485
403
122
5
441
327
372
217
111
462
1
213
443
100
127
120
245
63
0
12.776
221
165
462
412
344
222
200
476
237
116
44
186
494
459
259
366
470
30
36
442
379
181
101
378
230
353
139
245
168
145
297
418
90
102
308
86
294
223
144
465
190
320
404
346
111
23
81
131
171
187
381
0
24.0755
453
307
257
200
229
253
84
35
357
92
306
107
436
167
44
328
358
32
124
148
229
266
9
386
375
358
203
54
471
120
105
143
306
378
357
148
460
424
484
403
28
196
348
331
156
105
391
404
336
493
414
314
0
67.112
2
466
180
199
407
52
216
358
471
378
147
479
149
326
434
338
98
13
336
457
106
35
323
295
161
47
138
358
414
249
53
499
99
106
424
86
70
65
416
407
241
173
322
48
74
360
474
311
450
258
484
175
169
99
362
420
432
0
36.5913
85
219
64
299
292
74
367
170
303
57
345
324
21
333
106
187
488
416
418
478
329
485
309
28
151
141
40
378
76
208
291
329
491
119
334
293
336
460
475
291
175
324
137
91
9
295
69
77
145
165
0
5.2357
207
50
318
96
142
183
100
425
403
290
445
390
328
347
256
447
56
130
97
93
77
385
83
8
377
236
379
93
369
248
463
318
453
434
447
42
283
163
243
202
290
15
0
52.7482
237
170
319
240
395
35
308
193
311
365
143
364
58
360
410
450
434
51
422
421
237
403
29
34
164
150
496
193
366
260
343
392
358
171
420
450
357
286
436
126
468
395
7
171
223
379
326
0
11.7594
229
281
398
373
92
240
90
341
266
179
56
118
392
379
484
103
145
243
316
224
327
16
18
208
322
483
111
104
50
477
165
437
420
258
459
214
22
164
265
482
151
28
432
10
242
309
180
198
172
150
418
0
23.8861
345
344
153
123
483
361
482
284
128
130
483
171
27
236
311
376
201
388
211
286
12
385
136
204
397
340
174
336
3
126
303
360
467
411
446
434
489
340
87
414
353
380
181
453
260
323
361
333
11
59
108
277
106
358
462
0
47.7857
50
205
73
348
277
475
65
136
34
107
244
344
273
194
323
8
479
196
190
404
165
62
408
472
161
183
89
352
482
340
65
233
55
268
388
391
255
491
161
0
22.4226
125
286
274
5
437
156
440
49
72
147
415
144
123
460
404
337
24
264
361
453
335
317
481
455
330
198
141
209
42
161
91
203
417
212
225
254
406
360
118
54
441
469
50
406
168
122
470
452
311
0
52.2808
471
170
352
304
109
300
285
300
499
73
376
122
221
497
146
278
357
151
220
340
127
202
308
52
328
147
407
171
257
235
362
42
203
134
489
12
159
311
158
138
331
118
140
312
474
372
347
279
179
330
450
309
461
414
4
394
0
48.1875
72
271
347
454
239
182
198
382
384
383
203
267
68
223
197
90
281
416
270
232
19
290
80
310
423
450
91
340
218
437
203
246
221
126
145
128
78
137
322
75
0
81.3649
45
105
397
262
261
85
3
1
47
209
446
480
494
124
431
159
297
310
395
265
89
305
428
392
274
96
138
316
496
379
337
284
305
132
444
107
248
96
490
5
99
313
357
494
101
254
7
245
176
454
424
45
188
0
25.307
150
393
475
195
52
306
48
38
157
119
319
144
83
329
260
195
279
40
26
375
89
386
494
237
195
418
79
222
50
420
166
397
147
212
206
72
348
264
455
303
327
162
246
163
253
2
143
499
64
440
0
82.3395
477
164
211
286
468
182
116
423
194
117
22
287
337
39
70
391
35
112
290
139
301
370
95
375
159
355
223
435
147
398
390
180
106
307
136
250
84
487
310
97
358
448
263
401
83
259
413
246
345
351
252
0
71.7376
206
421
495
344
152
306
252
435
157
318
49
228
77
439
287
26
377
87
157
400
316
123
205
194
498
13
180
305
435
296
267
36
112
127
1
468
197
328
124
167
425
335
139
206
155
411
384
428
418
216
6
173
242
204
0
44.1333
92
44
268
3
474
119
132
191
376
464
90
295
340
275
292
80
385
137
475
195
100
228
436
499
28
101
103
283
451
367
200
19
302
22
130
153
166
100
367
89
449
107
445
407
298
222
446
228
0
46.8722
43
85
345
357
260
425
266
311
417
114
184
220
82
66
337
496
142
82
120
146
72
434
6
256
297
51
28
307
347
200
213
152
154
2
104
297
492
357
331
122
276
121
15
24
135
106
391
255
0
90.8089
105
455
341
251
447
482
97
261
367
433
54
401
439
344
225
296
331
208
160
440
270
13
120
437
3
3
154
10
263
116
402
90
353
128
182
415
63
173
384
476
222
441
354
110
130
62
154
342
6
457
110
75
0
62.3159
157
316
373
412
22
281
336
260
194
72
47
22
259
65
220
449
99
96
427
331
464
180
336
231
286
127
48
409
318
188
397
409
281
482
151
10
478
415
467
16
29
71
220
251
375
381
74
292
486
317
168
119
244
320
90
493
0
7.975
290
364
430
303
112
399
206
54
26
451
191
353
300
365
431
15
173
42
332
385
386
365
95
301
203
455
103
218
417
145
81
490
374
427
215
130
70
80
255
165
258
420
130
249
266
18
461
482
224
492
201
0
29.2132
379
131
197
228
48
309
45
345
195
5
219
131
287
423
66
167
312
443
449
298
308
112
90
56
192
100
143
413
107
131
5
496
384
171
339
349
303
296
186
3
4
309
381
202
65
381
58
179
404
396
0
87.1905
435
154
321
258
55
408
396
254
90
314
180
309
314
416
5
396
165
254
407
82
4
337
8
352
215
499
342
96
313
84
109
161
187
325
318
377
171
151
481
271
85
238
348
364
456
301
280
351
82
313
175
429
62
211
0
41.2094
451
233
435
232
207
490
251
399
408
230
190
171
397
185
458
45
423
77
292
358
417
386
23
496
53
469
138
196
170
88
310
327
55
185
365
452
91
173
125
388
33
31
291
344
70
442
389
435
293
375
97
383
199
0
29.6708
344
252
305
191
461
25
28
222
424
422
136
437
489
241
278
309
444
43
300
232
109
439
461
263
274
34
357
423
19
149
46
144
419
35
110
251
447
430
227
133
46
328
90
436
131
490
500
210
71
99
168
61
0
87.6781
254
426
93
417
457
384
446
335
203
215
269
359
299
466
376
175
274
340
307
17
145
203
381
372
447
117
197
398
401
146
43
18
9
27
47
56
301
487
34
396
479
396
402
230
469
75
178
200
476
310
383
181
69
330
46
0
11.7852
29
260
492
48
443
89
228
226
112
494
2
412
262
335
184
459
378
143
245
338
454
395
102
159
194
399
104
333
226
405
377
79
163
372
76
87
169
13
471
492
143
63
454
491
100
445
19
270
460
221
9
114
0
35.0207
292
307
13
429
224
64
413
76
370
1
65
495
173
21
226
113
165
61
475
104
266
476
169
426
214
264
271
122
195
321
52
36
138
23
111
389
69
223
459
97
274
408
171
40
496
198
195
490
407
246
258
203
444
296
120
361
422
159
38
0
77.3598
123
345
58
398
296
440
20
394
211
156
236
205
282
236
37
475
242
253
187
383
481
325
76
334
59
241
489
490
366
127
423
61
66
140
50
462
60
104
53
287
200
277
394
251
117
126
200
384
158
167
0
49.7705
443
304
88
64
413
242
176
101
258
189
228
146
328
169
182
303
337
378
165
486
314
13
419
496
166
77
58
306
491
15
286
279
240
16
14
370
477
332
80
374
454
475
265
326
102
180
132
0
65.0707
286
250
210
233
33
200
118
278
432
171
241
357
159
65
87
338
229
179
205
256
123
384
76
97
387
187
271
163
114
324
495
334
25
313
39
166
89
201
126
362
424
290
224
274
2
143
323
498
143
451
0
35.1613
378
268
249
72
204
143
305
18
300
96
360
376
428
369
233
251
373
479
276
4
95
367
323
37
210
154
290
373
476
281
211
169
17
143
135
35
323
326
276
222
354
498
470
110
332
485
231
426
88
391
0
56.0543
156
232
11
355
290
362
466
357
374
263
88
433
419
29
357
389
465
232
57
16
250
361
430
451
203
239
94
23
138
486
328
475
342
184
262
309
7
437
317
96
131
92
382
198
272
11
86
294
198
258
0
29.6267
396
69
214
47
388
317
280
55
489
317
183
216
178
115
219
52
426
305
187
234
149
170
200
314
305
1
82
444
403
121
429
126
489
119
273
144
145
308
128
443
463
112
192
162
195
461
0
0.13216
192
49
460
389
480
257
332
200
453
444
164
216
430
215
388
333
277
124
208
351
373
67
4
417
418
352
152
111
48
384
248
182
456
228
388
466
366
376
77
32
234
276
170
373
72
490
377
463
127
47
72
49
311
74
227
431
0
23.1944
325
234
492
370
375
413
166
67
290
40
239
244
320
136
172
136
320
254
286
392
114
230
207
199
364
251
43
136
159
487
474
382
107
233
369
149
313
118
136
176
409
49
299
311
170
73
364
192
326
0
42.0046
102
404
494
354
168
168
353
76
126
376
344
435
106
292
155
438
390
249
92
245
48
226
257
219
57
297
65
326
303
155
99
175
337
304
270
338
198
471
164
87
447
243
184
244
307
35
153
365
249
350
412
371
0
21.0507
188
468
476
168
250
381
281
94
187
129
56
414
441
140
237
76
340
198
4
221
124
7
499
323
408
13
407
400
291
372
257
437
206
72
124
407
390
53
7
457
83
301
163
310
0
20.0774
347
307
64
311
199
157
459
171
73
249
60
280
65
254
434
399
497
147
455
177
472
358
10
15
25
356
474
394
286
80
105
195
137
76
293
237
449
233
173
249
93
423
100
194
451
345
207
82
319
169
399
315
44
405
0
45.5098
135
139
56
337
190
5
314
200
276
31
135
392
459
205
161
329
146
54
6
207
473
122
325
72
12
485
470
13
204
385
417
276
85
226
38
30
83
451
489
21
200
173
461
204
113
457
205
482
203
130
294
114
89
448
56
0
20.9332
458
457
428
245
449
311
43
450
12
94
340
69
45
313
395
50
285
256
123
246
105
159
284
27
233
408
377
103
226
130
317
452
78
85
471
186
287
45
377
216
317
32
380
201
234
126
151
0
62.2391
327
338
234
28
431
98
127
404
29
388
500
369
108
383
58
439
180
221
91
298
22
406
472
182
249
382
299
4
56
477
168
204
267
142
358
314
10
379
83
250
238
288
84
492
389
489
167
27
0
28.8005
247
375
54
200
193
176
72
62
437
285
302
199
278
407
433
138
436
133
113
313
31
22
130
254
360
423
436
413
110
97
217
235
281
286
435
370
14
104
29
337
29
282
432
179
46
93
397
188
356
105
43
404
307
123
226
0
21.8678
244
22
140
74
1
114
266
104
73
382
421
250
33
241
362
174
175
489
472
93
122
24
77
168
350
172
15
328
373
388
57
17
14
492
280
379
435
7
330
378
28
482
356
214
470
133
320
245
318
192
273
268
4
439
366
307
101
82
0
74.1349
491
484
27
448
204
268
439
237
204
9
205
130
420
316
358
323
432
415
222
161
271
7
212
421
276
88
246
471
100
71
485
350
403
308
136
148
340
82
276
205
416
188
257
194
335
13
176
0
78.3187
182
350
23
305
229
471
489
321
79
425
227
181
67
27
193
213
24
264
48
19
66
253
178
300
380
287
133
97
315
61
377
437
492
90
42
477
425
483
253
369
24
184
64
452
485
0
81.0684
148
454
81
466
321
64
169
405
64
401
91
139
234
399
235
352
331
169
210
102
44
167
211
337
494
374
126
234
409
13
265
254
9
417
453
122
136
169
314
329
220
68
267
326
310
6
202
438
144
241
174
380
0
12.2558
190
156
53
270
153
7
170
314
63
298
80
362
252
207
130
102
298
425
53
443
56
159
246
101
275
409
500
373
117
366
366
395
434
473
126
108
477
14
365
68
101
106
87
135
450
457
462
0
60.1516
231
430
306
45
473
215
368
451
295
233
145
145
455
205
96
103
353
416
363
223
253
481
340
70
469
459
227
319
101
37
177
384
2
485
1
210
300
123
106
28
315
413
290
216
46
399
197
333
0
73.375
256
159
240
3
20
4
231
337
27
372
353
157
395
339
7
215
351
455
394
208
45
467
180
261
304
323
190
478
477
328
264
182
303
236
288
362
43
369
256
161
81
331
291
472
139
317
480
243
446
246
318
0
88.6555
206
331
203
116
99
424
103
457
348
135
221
178
336
456
358
210
455
115
479
240
74
406
367
45
45
330
219
111
1
119
490
102
210
13
309
67
165
215
499
238
494
415
205
316
345
232
10
293
27
419
142
0
63.1893
349
387
48
15
224
478
483
496
387
437
430
435
467
159
399
33
239
334
259
61
377
378
350
261
3
372
436
340
489
262
100
494
471
12
220
124
151
36
80
460
229
412
11
22
470
217
386
484
341
0
58.2069
136
333
55
74
277
232
360
108
100
277
236
224
461
393
27
251
266
257
105
6
442
52
105
333
152
18
242
122
137
258
426
345
385
8
123
52
124
468
329
112
3
196
28
90
182
112
207
470
283
0
22.3976
403
337
20
411
26
253
151
93
83
435
162
71
476
400
408
197
202
467
361
76
275
397
446
305
473
426
334
80
483
470
227
339
115
463
178
59
376
234
306
135
117
159
108
373
479
489
275
150
331
31
102
495
118
406
0
61.2331
143
70
92
119
33
30
301
163
155
294
175
499
274
179
236
402
428
224
294
447
92
342
80
1
237
494
410
332
238
426
406
130
441
386
108
89
56
0
91.1124
138
313
52
124
300
326
442
304
130
49
222
224
277
133
357
78
89
255
34
121
360
125
476
233
41
339
495
437
486
490
130
150
368
29
226
127
25
189
483
427
346
343
243
234
17
415
221
121
249
11
427
307
36
227
453
481
0
68.747
319
406
348
284
333
286
449
487
222
313
73
230
419
494
180
217
440
85
71
364
430
391
38
134
159
247
374
239
220
41
399
393
432
55
395
491
437
48
38
212
194
7
373
253
103
209
280
70
158
103
446
0
99.4022
25
336
270
170
151
177
113
439
440
407
96
229
479
255
170
295
302
310
339
306
95
240
484
436
173
219
195
105
114
164
202
499
404
203
460
204
136
192
233
76
58
138
2
464
142
425
240
417
337
35
27
0
80.6495
254
495
16
355
84
415
111
211
177
207
495
60
261
236
488
401
292
27
110
247
372
136
208
185
408
81
194
182
489
224
86
181
297
381
486
417
85
121
415
461
158
35
483
415
425
494
388
487
235
64
231
157
0
99.439
306
141
290
328
254
348
1
444
346
460
75
137
92
454
38
150
98
62
298
152
448
55
286
178
362
177
301
7
321
197
437
441
292
474
376
270
252
192
309
441
262
199
473
322
105
320
17
385
177
126
469
150
319
321
191
97
485
159
12
258
0
0.73397
434
278
212
470
93
428
2
352
109
306
312
106
401
124
198
287
283
49
133
354
479
312
97
442
273
147
47
199
245
204
49
214
238
182
478
274
125
212
404
84
157
172
130
65
198
429
48
494
103
254
462
0
28.3586
57
252
465
460
24
36
379
335
367
440
166
149
265
401
352
417
154
396
179
261
469
374
356
116
264
241
158
471
173
19
114
46
337
202
249
446
324
405
496
342
251
145
451
269
0
73.7307
420
462
117
304
266
367
201
251
25
78
209
120
346
143
13
234
379
325
130
107
243
345
30
342
179
394
131
110
131
78
305
458
468
467
234
376
3
9
110
230
298
313
7
33
54
475
430
111
296
71
455
206
487
377
0
54.3088
151
91
75
168
141
287
479
434
276
228
52
310
199
177
122
429
24
321
6
137
340
496
28
417
447
48
382
158
373
266
2
313
373
239
192
29
104
396
89
269
229
432
119
380
402
188
248
195
317
332
171
179
130
127
0
22.7628
227
168
104
17
47
330
173
102
343
253
398
107
24
437
27
104
403
307
200
7
121
154
389
131
453
463
243
438
151
251
279
468
450
340
478
426
345
327
78
481
132
204
223
296
265
224
295
359
453
473
0
46.9738
219
488
1
64
290
313
219
186
145
442
273
480
58
23
159
161
7
395
100
281
53
311
355
491
277
77
437
360
93
282
31
452
108
321
101
293
141
276
62
99
417
303
126
88
420
352
0
77.9234
309
247
85
350
10
425
318
79
466
392
273
309
251
482
192
352
52
311
334
119
248
272
318
263
354
336
95
387
283
235
455
453
451
70
229
102
126
247
134
272
78
293
68
184
42
189
1
224
487
205
238
320
472
79
405
0
6.4051
168
211
117
51
475
394
408
170
50
281
36
224
241
102
106
111
210
318
274
327
273
413
361
331
225
343
410
411
432
156
188
336
307
492
461
305
355
492
468
197
126
392
357
15
22
24
491
253
491
277
390
271
220
283
254
0
83.8677
129
223
140
159
120
335
104
79
434
50
210
77
91
415
426
23
209
378
252
393
73
96
184
482
135
5
42
261
338
476
261
40
147
391
472
199
38
22
236
84
142
454
304
374
388
345
281
371
373
455
355
140
72
251
468
413
0
20.4548
197
214
456
171
204
56
156
480
312
244
232
99
64
167
384
182
14
218
388
170
499
392
285
78
351
26
300
139
179
10
155
339
126
497
385
427
215
156
220
54
0
15.108
303
205
145
363
200
75
152
173
256
487
457
22
403
194
132
438
485
335
368
378
248
211
466
411
5
377
126
449
459
414
304
83
124
87
339
94
316
87
196
398
291
466
400
234
334
173
0
62.3835
25
246
131
41
159
464
157
386
432
232
161
95
41
164
219
7
331
29
138
370
161
164
131
499
345
194
435
198
128
113
353
448
491
45
99
479
424
278
30
222
323
0
40.0855
328
354
34
439
286
193
228
355
188
477
273
192
168
175
434
474
245
449
376
405
493
152
142
160
221
108
460
379
209
436
148
414
395
497
431
84
71
440
439
6
369
30
215
180
325
0
10.4889
10
392
419
258
159
298
48
58
324
141
210
339
423
368
407
169
298
161
226
291
242
80
449
473
409
394
202
289
204
386
19
489
69
68
435
52
432
380
118
97
133
407
420
86
481
0
11.2728
419
67
200
194
457
181
246
30
257
192
322
118
345
35
1
176
283
271
118
255
271
297
470
363
203
285
430
114
321
7
187
218
199
375
63
297
67
194
57
351
61
483
194
38
346
454
162
72
93
179
141
68
86
178
250
478
81
107
0
77.5731
337
112
18
387
97
158
407
61
99
223
207
402
241
273
76
427
158
305
353
44
343
116
243
231
360
38
478
96
251
345
369
357
248
105
52
194
434
219
32
233
235
467
334
132
170
23
142
247
300
351
0
50.3334
96
413
338
383
219
324
154
198
192
217
452
446
129
219
142
84
75
307
446
467
177
182
476
238
132
1
372
169
403
485
167
329
417
377
167
270
54
240
296
410
326
478
244
97
14
325
265
360
132
0
6.8543
414
124
66
121
74
332
460
279
465
362
277
4
158
3
222
202
197
110
236
241
169
148
400
234
443
280
471
17
291
241
186
373
471
8
333
13
449
275
174
56
84
120
193
78
407
484
473
363
0
96.6603
17
244
110
75
334
209
107
310
3
414
158
470
437
131
18
155
109
14
308
190
424
358
180
148
439
5
403
142
229
126
363
167
359
309
425
159
53
140
66
71
303
411
445
205
460
118
424
374
273
0
31.3455
448
349
322
463
329
291
152
132
165
18
254
268
431
366
210
24
443
272
303
3
76
218
289
462
410
31
178
330
99
101
406
113
484
88
348
207
499
136
402
368
31
498
431
74
130
407
317
54
153
312
345
158
3
211
0
77.7085
386
329
492
431
398
264
489
459
78
70
237
22
145
342
331
237
371
236
280
112
265
183
82
98
443
322
404
390
317
92
231
378
58
225
472
129
142
76
66
322
482
74
103
435
7
195
296
420
23
243
306
468
0
76.7083
74
254
353
49
498
360
226
100
499
130
62
131
463
22
11
106
304
14
236
472
475
291
141
485
496
4
409
206
362
142
347
293
383
244
360
30
76
233
444
276
264
292
105
242
101
188
179
287
219
382
348
0
31.0194
16
212
326
205
257
100
152
336
29
66
215
122
308
107
320
426
75
213
477
119
20
282
407
480
497
421
358
247
73
314
88
130
500
295
406
24
301
139
305
380
217
422
146
494
266
314
253
469
287
108
391
2
81
0
58.8742
13
388
34
410
463
138
261
200
482
205
214
159
297
282
18
191
441
334
399
5
82
218
400
217
173
487
348
437
405
261
69
485
392
362
240
87
330
22
281
443
263
54
315
137
269
481
142
170
409
142
0
66.5761
418
473
29
167
126
499
457
228
278
396
367
428
107
172
190
75
458
370
107
264
264
148
340
117
317
457
10
46
337
47
432
149
288
357
24
1
102
464
263
386
161
320
382
104
398
221
485
414
149
39
57
0
57.7819
167
71
172
292
42
455
486
64
300
296
29
252
260
153
29
67
269
193
298
444
189
53
458
227
433
155
346
198
83
175
21
257
348
211
168
484
84
139
123
418
320
24
355
158
198
480
373
337
349
367
120
98
498
225
15
276
434
0
65.1557
410
217
190
182
133
335
301
242
453
132
96
224
234
243
59
11
151
150
189
115
370
390
313
251
477
169
400
191
394
270
272
321
260
245
484
330
482
319
136
191
469
26
236
180
483
387
328
35
6
498
0
76.5282
236
256
358
202
96
323
231
429
26
24
190
109
270
281
418
360
487
499
267
127
411
282
227
475
354
210
304
136
75
281
450
325
358
400
428
279
180
347
36
302
150
183
85
39
50
325
135
412
204
28
134
19
476
363
97
280
188
289
0
5.5353
301
471
81
231
490
357
32
105
493
267
145
489
334
165
216
489
325
217
402
216
225
17
259
340
235
471
292
76
498
287
58
443
212
52
179
463
380
344
176
438
309
249
126
176
210
8
96
75
306
206
128
0
60.6051
448
456
47
471
352
274
470
142
145
73
185
252
444
30
269
62
408
175
484
28
239
9
329
149
384
186
478
25
357
181
302
145
102
405
282
148
476
463
173
138
344
177
3
293
452
292
90
175
29
318
89
215
156
62
274
190
0
97.1831
149
363
168
355
329
500
44
391
99
34
226
159
32
235
321
231
356
148
80
362
132
42
30
40
251
25
229
476
109
82
93
33
490
293
272
54
363
236
344
340
63
265
359
436
438
313
497
237
488
0
9.1371
397
378
468
201
29
195
41
389
89
95
179
190
141
152
413
73
118
124
455
61
299
458
444
282
231
477
447
4
38
186
121
454
280
61
376
440
356
385
25
297
301
247
120
317
120
399
325
161
17
83
230
0
16.6457
89
276
183
293
138
344
360
156
95
386
461
315
407
41
441
476
323
157
110
270
100
293
439
184
235
165
216
194
27
110
347
86
369
222
55
349
29
78
82
94
150
300
160
193
3
262
208
325
339
130
177
72
54
411
0
39.4801
452
296
413
13
95
33
185
212
447
338
365
353
245
405
208
280
424
150
337
293
135
104
260
467
114
367
110
98
73
353
266
150
360
5
436
211
49
35
15
445
292
392
420
149
136
233
435
0
23.1929
406
150
350
251
369
200
247
258
35
388
49
199
13
458
307
383
197
298
420
301
21
29
493
101
50
201
165
354
334
398
189
191
335
493
402
129
26
300
141
473
421
314
432
135
456
236
363
364
311
0
14.4399
441
299
137
117
159
354
480
161
174
181
316
134
251
222
253
130
250
99
202
253
81
133
103
323
271
18
386
195
96
69
273
176
429
37
43
377
62
256
249
28
72
113
499
221
108
89
16
0
42.4446
225
107
433
67
304
20
94
258
75
463
259
401
179
222
231
285
330
498
440
427
44
129
257
207
115
313
295
125
451
166
75
90
122
195
30
55
439
162
159
292
105
422
51
301
297
235
210
179
141
330
28
0
55.3786
273
162
431
144
18
18
449
243
24
410
421
396
169
170
386
383
15
73
319
227
475
76
307
172
498
28
434
246
7
212
215
454
456
388
117
154
288
337
500
63
235
480
186
424
402
144
414
457
162
212
205
391
0
17.7426
442
103
127
367
428
234
350
143
486
315
372
59
424
19
389
470
248
487
107
53
472
354
81
172
442
188
238
414
232
407
82
48
36
155
448
353
393
204
223
95
483
78
71
59
291
308
12
65
32
299
328
0
36.9347
311
182
3
155
7
401
468
445
440
63
453
322
1
101
421
230
24
474
31
433
278
306
399
493
314
264
432
444
29
17
195
391
378
359
311
355
35
352
208
498
325
336
408
237
439
145
498
112
88
388
244
0
42.0484
277
21
260
495
311
361
348
269
367
66
217
2
211
127
345
301
479
340
469
160
8
409
359
219
399
207
22
263
146
182
265
1
140
215
114
402
372
188
485
232
345
461
166
155
488
296
72
39
135
155
15
338
169
295
492
400
0
97.6624
323
490
182
437
104
428
207
222
200
321
173
401
459
237
34
243
216
87
364
433
233
356
32
318
20
59
69
22
28
84
181
176
125
98
311
5
437
19
172
351
225
141
229
133
443
347
180
252
92
495
171
378
481
166
0
63.5682
125
401
329
384
276
281
457
375
1
312
121
83
171
355
7
14
357
431
271
339
291
142
371
446
143
438
78
482
395
73
191
337
288
161
364
158
482
363
440
116
14
290
240
342
18
18
10
416
361
350
204
113
96
422
466
72
73
0
22.538
210
283
337
419
1
250
223
316
126
29
15
134
472
205
302
463
164
83
488
315
115
160
338
363
103
339
459
446
459
218
184
170
6
221
371
324
312
492
312
487
186
365
196
58
19
457
0
82.736
112
35
277
381
84
439
131
499
89
275
232
266
66
266
86
287
318
16
487
157
11
315
175
120
184
466
79
184
63
286
243
160
189
69
74
119
343
355
133
356
253
83
421
121
422
354
450
478
260
271
266
115
402
0
46.0777
482
146
350
259
309
316
373
7
335
13
101
128
216
21
105
482
184
47
415
317
427
205
462
111
82
417
224
129
215
119
325
142
152
21
202
497
394
296
352
433
411
415
323
169
311
438
0
22.4636
186
153
354
57
499
193
332
322
150
112
371
348
298
363
39
475
228
346
64
476
164
308
363
89
68
13
333
308
349
282
390
205
392
223
192
245
352
310
233
437
222
150
137
189
500
4
0
43.4457
420
28
185
282
255
301
7
289
60
202
402
323
84
10
447
265
211
46
126
52
198
459
315
410
276
110
181
90
459
213
458
493
383
424
195
361
89
431
370
128
98
426
380
206
407
417
439
139
302
486
33
99
29
191
130
450
89
323
8
195
0
20.3037
370
32
317
15
203
345
166
374
82
229
220
463
119
398
25
429
184
264
295
128
4
247
17
258
154
160
237
354
144
435
303
38
109
208
186
401
483
276
4
238
7
420
311
190
138
183
141
219
35
8
292
0
15.8607
206
54
351
40
400
82
193
328
373
133
330
273
285
346
456
164
142
19
126
473
128
313
339
467
216
117
71
370
436
56
16
128
450
177
21
425
52
358
331
428
334
111
323
242
474
155
238
394
421
3
114
118
0
52.0108
327
224
243
256
157
137
419
500
48
485
285
78
138
338
64
212
126
5
72
96
230
212
301
234
321
490
185
19
406
157
139
491
333
29
259
435
14
163
399
200
176
392
18
146
213
0
79.9498
482
123
497
115
328
59
280
379
73
351
410
11
215
103
246
300
355
71
84
211
214
421
272
172
163
36
292
6
329
256
213
415
132
342
336
333
154
148
123
161
87
259
444
450
139
242
308
124
462
9
93
431
0
11.7794
46
44
243
350
180
327
352
389
149
267
334
245
172
28
488
335
321
197
460
252
481
179
158
428
486
456
410
404
248
389
318
376
353
353
171
295
498
355
164
47
386
330
159
348
420
494
181
414
127
276
330
0
34.7604
453
229
157
190
380
308
114
387
367
426
86
138
329
435
386
353
153
456
65
463
95
394
59
451
468
155
129
105
429
210
222
27
137
368
165
202
129
301
123
147
385
294
487
159
306
58
466
170
24
233
222
0
62.6073
390
446
345
309
484
496
73
90
273
191
486
442
298
290
379
223
379
410
300
412
20
289
57
226
207
339
295
399
229
414
376
3
152
21
439
291
20
102
254
181
311
133
183
184
277
328
370
0
60.1913
237
108
224
109
337
410
454
119
60
220
262
173
303
188
106
80
362
259
310
415
183
290
84
103
377
111
196
181
441
225
104
384
200
230
488
400
277
183
161
62
211
427
93
444
469
91
443
500
191
464
0
34.415
321
164
285
477
416
139
107
467
481
33
447
452
302
104
324
143
143
256
370
63
413
109
252
88
250
154
297
186
461
467
103
7
152
391
271
395
37
64
138
382
173
198
460
394
352
58
263
126
0
3.1191
178
357
500
3
471
113
35
23
429
239
11
11
235
189
259
115
431
304
322
335
376
154
311
274
23
447
236
269
387
355
102
109
483
96
89
495
84
34
10
345
416
144
44
389
176
140
87
414
277
411
250
255
288
0
73.3636
355
234
385
128
260
495
294
311
12
230
81
458
104
389
216
227
63
249
75
420
403
265
440
376
26
54
322
464
438
397
472
281
99
289
469
141
297
306
384
488
253
158
0
78.5743
64
327
395
337
486
231
465
216
467
185
104
319
154
177
443
343
281
172
205
417
208
417
57
197
10
135
42
243
224
99
171
328
137
125
316
170
25
336
65
216
92
87
294
305
461
0
54.7313
480
45
151
220
383
428
398
345
23
92
443
457
329
35
387
367
231
23
420
358
442
500
322
482
461
438
124
212
495
355
286
171
164
265
426
106
289
291
271
58
454
338
81
105
431
420
191
105
156
257
152
327
200
440
181
410
303
0
18.8071
21
9
480
309
330
114
106
434
399
85
439
165
137
148
448
272
381
184
67
182
249
315
133
436
458
294
267
114
258
2
469
397
470
301
327
269
36
9
19
353
330
41
355
207
405
260
338
94
0
99.3029
128
43
370
192
382
69
379
188
159
125
274
101
164
238
215
435
66
146
17
312
142
84
322
306
367
482
68
323
417
160
322
334
358
477
267
232
204
468
22
366
6
461
194
53
189
141
69
81
137
178
397
0
56.8752
131
355
462
472
8
300
5
500
58
285
444
351
12
70
407
449
258
341
299
383
347
19
379
442
114
364
10
89
15
202
248
217
495
273
248
10
309
499
477
51
62
346
474
243
33
33
489
439
182
179
418
334
477
276
374
290
221
209
498
226
52
25
0
42.8487
73
117
269
413
255
140
293
75
47
260
315
440
498
67
405
331
368
151
176
453
407
451
52
67
369
322
311
10
76
19
15
351
329
214
472
236
488
352
206
413
426
54
496
441
216
310
59
137
418
71
282
0
12.1951
341
485
60
273
401
193
327
173
425
358
264
53
280
379
10
296
170
218
405
255
283
13
4
88
475
398
219
211
171
154
144
241
104
220
173
356
31
243
132
274
376
120
125
91
329
169
17
190
305
284
409
260
77
417
50
305
169
53
475
0
22.5275
499
277
427
263
409
426
79
70
111
2
298
482
182
322
171
269
500
26
355
487
226
453
414
471
415
105
127
315
369
208
242
51
393
27
17
74
475
23
134
101
218
84
430
192
222
212
167
318
107
147
0
93.8369
153
128
269
474
15
459
318
333
241
468
498
254
82
160
215
355
140
404
79
412
271
327
368
163
382
177
236
390
46
336
314
94
110
212
105
464
438
274
55
0
19.5409
351
436
498
156
6
312
368
394
354
374
367
23
171
7
72
495
76
138
115
418
409
319
203
230
488
326
129
495
175
64
379
205
153
150
17
157
45
26
221
309
441
357
197
493
131
219
205
432
310
356
298
339
428
478
143
468
223
290
464
318
0
32.7948
303
276
52
387
95
173
194
4
231
75
20
226
118
395
250
343
310
328
332
457
89
55
244
374
334
374
284
345
242
243
399
138
134
452
332
336
81
196
419
427
69
268
252
318
332
263
440
377
149
232
98
180
0
80.4506
485
470
289
454
80
243
238
332
454
175
120
272
62
69
129
129
18
96
73
432
259
251
455
410
141
26
500
164
421
305
389
449
318
81
99
163
411
307
44
226
273
216
220
44
328
411
107
0
28.6106
390
372
296
356
440
140
493
131
139
140
274
5
339
25
357
62
129
142
83
380
308
30
48
249
217
166
314
363
410
391
247
241
292
476
379
39
6
237
325
333
272
238
271
344
0
68.9356
40
141
329
437
482
255
100
330
35
174
43
140
432
399
497
132
108
31
47
460
473
311
69
128
10
379
44
350
375
331
404
123
29
110
11
365
117
223
202
312
494
418
412
240
0
62.7551
490
61
50
170
406
135
65
54
232
440
61
65
219
464
269
390
196
189
449
95
412
347
426
286
236
420
462
443
341
160
496
2
111
259
270
119
175
375
466
310
178
401
476
370
213
341
314
143
191
142
379
423
58
123
482
336
384
244
0
72.7127
107
174
66
298
366
317
494
211
297
10
321
103
223
252
254
434
181
16
399
420
426
215
90
356
249
462
60
184
68
423
428
363
100
325
131
145
52
433
244
116
218
481
38
122
147
92
421
118
347
88
225
240
142
405
0
51.351
5
235
320
449
308
85
485
178
87
459
374
68
289
423
176
168
115
147
385
335
207
286
270
142
83
445
500
398
111
51
459
491
216
6
343
151
125
107
324
247
273
144
165
491
457
217
111
337
416
155
224
231
57
330
0
43.9642
184
266
145
144
467
428
403
409
246
350
71
287
76
363
492
453
327
239
363
48
380
10
35
275
29
218
285
116
369
13
419
480
384
210
329
132
199
463
275
407
336
362
17
149
425
266
0
56.1727
432
51
314
15
332
412
249
13
195
28
278
449
154
153
86
439
250
361
495
234
307
313
341
182
325
484
19
359
345
125
59
33
267
204
409
25
230
219
205
475
197
14
470
165
0
95.5709
19
391
339
178
448
150
498
301
168
375
324
336
297
190
17
395
429
369
484
57
386
148
442
358
331
304
428
406
29
40
405
253
484
190
89
432
62
136
449
225
261
458
267
263
18
279
77
232
290
28
465
475
446
378
0
23.4386
15
97
367
420
309
211
44
128
79
275
102
262
88
322
217
40
15
410
25
208
73
126
236
285
208
238
199
464
73
169
410
202
100
424
207
261
15
431
245
476
52
83
50
330
372
438
9
218
458
473
139
150
394
274
156
208
236
205
128
0
36.9622
365
13
320
302
100
472
175
468
393
333
24
269
470
372
341
364
190
169
375
9
131
261
303
197
333
238
316
397
409
1
33
231
424
219
270
66
20
373
372
116
423
0
46.997
116
200
12
463
71
360
51
214
372
121
68
48
41
12
393
399
136
135
52
310
206
434
348
196
324
307
429
141
295
462
385
396
350
266
479
146
286
84
220
429
461
166
346
287
118
339
218
381
94
276
18
0
61.5363
155
278
455
423
193
182
471
325
252
278
462
389
464
467
485
288
345
169
403
289
388
376
246
199
14
189
402
347
392
385
178
389
52
362
290
123
234
44
389
493
413
350
431
472
97
0
64.1859
299
46
237
435
321
325
291
268
430
286
288
319
133
153
414
476
464
430
322
452
333
197
376
25
334
93
359
257
61
291
470
81
8
110
223
290
1
234
373
120
313
139
280
233
356
462
338
252
220
0
49.9207
155
264
350
491
366
160
125
60
11
425
80
350
473
184
123
446
176
141
61
413
421
428
190
296
222
205
48
485
468
341
204
432
449
470
393
207
32
497
240
141
10
307
235
158
433
97
331
318
124
393
403
155
235
196
109
492
293
0
95.7164
58
463
154
425
17
270
9
108
97
151
202
331
357
404
478
349
3
431
211
314
47
336
490
256
205
205
148
234
484
482
11
312
3
211
91
313
4
469
429
139
169
135
329
98
452
219
481
387
0
81.952
192
456
491
409
41
453
40
220
491
189
159
131
86
402
232
362
101
69
231
84
303
245
148
354
373
55
166
282
78
372
9
486
39
383
132
157
71
448
183
236
267
452
75
436
471
475
248
194
98
84
189
360
411
370
479
0
40.4142
119
474
250
408
304
46
279
263
331
317
389
67
69
290
413
255
193
177
128
343
171
201
174
381
126
495
145
373
273
45
269
216
426
273
494
292
442
79
312
491
54
145
434
471
258
470
179
0
5.432
85
204
98
198
310
158
162
112
452
30
90
20
435
118
303
10
461
381
108
433
427
439
81
281
373
136
13
411
155
366
500
404
453
68
114
227
387
490
52
103
455
143
405
394
378
206
299
414
0
87.1784
455
426
344
434
265
5
355
433
419
151
26
235
287
278
152
6
489
125
454
375
214
90
251
259
446
29
47
2
384
133
388
414
57
495
33
19
179
459
500
393
280
390
477
70
272
22
338
28
418
108
0
74.0399
172
95
143
370
98
259
317
471
121
148
471
244
237
63
367
253
398
361
472
258
326
407
222
468
236
211
33
103
54
453
472
413
84
161
401
429
289
369
88
85
362
156
472
66
271
320
334
471
172
496
195
178
0
93.2637
163
40
250
455
245
354
163
55
31
123
287
3
315
187
399
364
220
319
264
464
320
310
458
319
256
238
352
257
373
143
379
254
130
477
97
494
284
319
171
105
468
173
381
150
317
316
50
455
37
454
482
298
145
428
369
16
287
0
89.6334
65
199
195
457
413
267
205
7
420
181
66
342
148
5
275
55
185
171
161
135
327
364
109
426
347
3
56
254
107
258
278
123
152
268
85
79
76
227
266
82
433
138
409
132
263
103
0
92.5843
160
208
262
197
201
56
480
229
435
153
490
431
386
151
313
461
248
400
104
23
446
423
470
209
384
51
287
87
146
283
499
453
468
16
348
306
347
55
156
65
327
378
200
415
0
57.0327
413
89
113
323
62
110
255
79
450
330
167
202
475
473
452
396
278
313
405
421
156
444
339
123
424
458
3
268
342
111
182
158
314
38
429
58
129
37
400
58
409
64
60
477
329
154
218
414
0
66.2592
437
71
359
25
447
326
177
170
18
114
130
322
182
155
477
191
313
313
261
403
329
71
5
295
99
15
412
121
133
118
132
306
160
490
347
356
91
443
96
46
224
105
185
193
220
384
152
445
214
452
188
29
363
0
32.0439
206
388
320
199
64
254
349
320
131
215
432
156
314
44
139
422
286
348
231
14
292
200
26
173
126
111
156
271
131
380
106
477
222
384
479
52
44
141
404
39
308
487
487
112
269
224
376
285
137
103
451
353
277
38
59
0
84.1126
47
498
96
91
59
134
127
12
100
301
435
491
331
312
281
68
226
487
319
126
202
333
451
484
40
406
193
206
178
131
369
468
141
21
112
127
227
353
397
51
312
114
461
488
165
287
55
286
0
60.1809
318
382
55
25
74
122
117
491
290
456
340
392
186
415
120
465
140
153
153
29
336
411
190
133
373
215
249
458
91
224
466
34
473
432
466
308
54
13
367
402
364
132
282
464
229
283
82
151
109
0
97.245
384
75
392
84
343
344
124
192
404
397
114
112
98
194
477
22
84
271
202
287
398
114
117
312
448
394
77
251
328
178
316
270
343
293
64
260
287
485
358
30
314
181
226
284
66
38
286
88
432
453
147
0
76.4871
331
259
163
201
102
354
77
393
441
448
439
71
397
430
124
191
341
326
262
89
414
102
336
167
85
221
266
57
215
301
245
314
496
263
366
55
108
216
151
45
321
413
254
465
264
345
10
267
132
184
122
159
497
257
10
72
0
93.5435
208
439
494
56
182
206
123
326
81
427
55
126
474
448
500
304
483
409
251
21
181
292
410
85
220
171
102
398
80
463
218
44
81
4
437
354
485
96
369
316
130
333
267
254
470
56
126
117
165
70
24
472
51
354
0
59.9015
459
237
454
341
38
18
331
199
265
262
201
431
94
442
289
288
346
167
427
330
418
169
321
287
272
21
157
72
282
9
215
369
348
183
258
359
2
263
99
162
175
217
175
10
89
164
432
323
441
0
70.9303
367
14
299
347
49
107
199
377
85
363
423
162
192
121
187
438
408
328
2
366
360
394
483
92
285
366
350
109
169
256
266
235
160
70
444
384
192
268
24
92
253
119
85
334
290
186
292
214
118
244
98
0
75.7455
258
100
294
470
129
6
71
348
496
271
390
177
117
340
219
374
299
88
482
119
479
421
260
388
426
457
58
290
79
211
334
168
31
183
3
402
450
47
341
88
388
116
456
456
433
289
67
381
295
0
72.4324
430
172
136
482
488
473
447
366
184
28
225
189
167
362
290
202
210
62
392
14
226
460
490
148
438
51
11
468
491
208
147
93
113
398
160
478
303
268
397
181
499
359
218
111
61
480
441
43
383
113
11
382
0
33.5911
476
145
206
463
28
65
8
85
213
261
366
193
453
425
4
204
129
225
381
59
360
178
427
348
236
5
351
484
178
301
100
270
109
380
353
286
163
117
106
50
476
129
152
183
83
454
339
295
416
0
76.1575
417
170
226
296
367
203
435
121
244
448
379
485
429
483
19
103
91
444
95
289
115
246
43
491
334
287
279
212
159
102
5
317
336
339
282
11
140
322
144
45
204
469
351
349
20
158
266
387
231
430
0
84.1866
90
482
316
130
402
451
177
331
497
355
364
115
237
456
5
103
259
351
85
18
411
117
498
15
245
336
404
149
46
399
262
467
159
480
308
389
90
322
459
57
475
421
75
437
186
87
477
286
303
0
52.4195
324
465
52
262
21
76
100
190
271
108
165
486
492
450
42
80
496
163
394
167
357
418
120
143
8
78
457
494
411
286
166
163
389
36
357
439
293
11
423
102
474
0
76.2416
207
16
384
218
472
466
148
24
38
369
470
110
180
297
458
486
421
68
240
294
256
172
196
228
177
47
425
154
460
25
94
125
148
401
4
228
238
98
312
120
49
409
306
55
234
247
444
267
146
406
347
0
19.3571
325
9
338
134
424
251
62
123
253
113
235
266
425
251
134
220
408
77
233
269
236
51
419
481
336
364
331
85
453
304
200
120
234
122
366
313
410
24
336
131
309
495
155
79
63
286
418
371
100
118
412
88
233
447
37
443
0
24.1894
25
199
493
402
187
60
68
148
99
14
73
271
188
31
240
49
382
410
58
175
285
387
316
410
451
422
3
106
59
43
302
423
377
469
382
21
470
489
268
216
312
474
493
455
223
384
0
43.9834
119
388
454
159
374
114
210
419
440
438
7
57
406
223
39
492
80
33
246
31
368
165
410
136
45
158
314
235
221
305
128
147
101
108
293
485
169
30
320
464
457
239
200
424
108
203
0
43.1849
42
35
78
173
290
328
182
35
174
87
441
156
230
31
492
419
463
489
314
360
40
438
103
36
156
386
30
194
338
442
162
159
66
456
127
176
235
246
391
417
132
478
111
475
145
62
171
338
215
97
0
11.2044
361
205
353
306
68
82
71
165
31
131
217
137
316
237
186
63
43
367
97
34
375
380
60
211
191
55
254
335
235
220
378
94
460
143
443
101
416
361
239
396
135
410
253
246
157
400
461
279
401
0
58.5662
272
127
232
218
352
314
215
367
208
238
253
194
75
122
120
440
151
276
137
236
326
340
132
81
255
71
437
304
194
61
294
68
407
69
191
151
455
329
245
131
479
404
248
60
491
343
174
444
54
469
217
420
0
12.7606
271
377
417
16
382
11
316
87
385
498
4
317
487
133
239
491
356
73
267
307
495
459
284
27
235
194
433
401
181
157
217
284
406
26
427
492
47
22
106
316
62
270
256
148
308
339
171
314
298
135
0
57.4943
195
274
338
241
371
112
304
14
382
235
79
390
92
150
380
324
35
190
162
122
295
49
440
456
311
389
215
118
462
463
223
311
289
135
402
335
185
225
77
145
380
230
15
210
212
174
470
142
407
54
220
215
65
404
17
0
28.591
464
220
383
360
37
199
121
173
347
32
48
282
195
166
444
214
281
167
298
478
110
400
335
376
145
254
263
113
237
9
325
336
327
376
306
288
277
139
488
353
458
233
9
499
27
276
391
75
145
250
382
331
194
0
60.8151
342
189
299
391
79
226
157
19
341
447
441
12
207
362
223
34
121
9
98
135
304
362
155
131
159
42
424
484
145
364
46
156
13
347
99
322
392
316
424
77
351
461
82
42
379
477
211
433
131
346
259
381
220
0
52.158
135
418
337
199
421
15
135
231
196
441
42
420
343
167
446
176
22
72
74
93
354
448
428
442
275
284
309
121
278
441
287
228
268
24
82
144
445
217
263
32
387
401
57
144
329
362
444
482
17
425
367
254
464
201
0
45.2446
365
49
66
445
216
343
255
59
268
167
251
297
238
393
65
294
120
115
271
353
68
347
201
187
450
233
137
175
87
73
255
451
327
31
279
435
48
488
269
198
423
412
211
312
263
220
489
190
175
190
375
168
489
355
25
193
485
473
221
0
76.4827
22
17
362
321
462
85
297
80
144
404
66
120
354
276
215
422
463
487
422
303
271
377
53
37
180
311
216
83
134
233
313
31
86
256
14
24
212
470
193
278
151
230
271
426
0
9.0388
249
56
151
328
98
377
354
474
170
222
405
164
30
322
157
357
253
230
313
105
494
180
176
110
414
195
402
106
320
291
237
40
22
165
359
187
254
145
33
357
440
158
487
169
28
184
216
37
269
406
195
428
348
99
165
151
224
0
78.2938
433
480
467
130
16
439
119
290
31
407
277
172
149
277
128
337
105
445
347
438
450
471
36
90
75
404
251
227
364
34
303
463
370
133
298
86
491
322
259
49
152
282
240
3
319
128
121
80
115
230
190
413
23
188
475
33
408
0
88.6233
354
188
13
211
356
52
288
32
314
308
395
453
285
64
312
162
71
139
388
255
121
349
12
215
345
426
156
409
352
53
319
46
178
444
96
400
358
95
363
98
169
43
410
281
60
123
353
72
33
229
456
71
0
53.1407
77
206
347
68
364
203
318
246
306
69
97
168
154
235
473
154
182
61
264
122
207
220
477
448
135
21
78
8
439
436
41
329
170
310
389
13
232
179
61
406
25
199
171
241
29
310
283
446
389
0
50.4031
184
393
367
157
23
378
220
162
394
52
207
37
466
68
347
119
109
42
168
482
458
85
295
64
422
16
464
464
292
317
62
453
392
263
434
399
139
109
334
355
166
406
411
230
389
460
0
59.5914
40
289
95
487
227
223
348
138
156
460
452
187
73
262
401
240
388
228
1
297
257
457
282
439
14
238
498
477
274
226
381
429
172
77
310
44
486
432
119
312
122
3
466
431
80
355
18
165
0
54.0843
345
142
243
405
438
142
473
486
401
248
287
488
383
188
163
22
20
6
361
72
355
95
256
23
389
343
251
408
117
304
331
35
263
379
486
69
444
273
366
42
225
270
282
183
117
235
253
87
104
438
396
0
58.9572
427
123
365
59
345
71
255
156
452
75
300
479
1
298
314
179
348
85
386
174
43
116
263
248
362
270
197
60
307
419
354
248
288
365
117
399
42
17
78
254
273
227
232
13
35
1
172
377
462
399
362
0
36.1958
337
26
157
246
430
25
480
195
229
198
129
440
457
83
431
237
214
82
51
47
350
470
346
12
303
166
374
178
286
482
485
157
261
365
349
297
423
241
4
407
477
158
214
95
118
125
84
464
485
317
162
198
0
78.0124
7
101
35
413
480
206
405
443
166
375
436
426
73
295
328
152
318
233
289
128
247
329
363
420
87
17
292
128
467
259
406
493
158
75
13
33
419
379
119
389
358
460
462
179
353
361
397
267
70
52
0
62.0944
434
281
115
428
477
337
318
451
84
205
120
5
11
353
283
78
56
45
245
86
36
117
72
493
158
379
160
86
94
280
236
82
49
265
225
201
197
302
162
55
9
339
121
61
44
186
51
133
302
324
12
445
80
0
27.8537
144
301
233
310
301
19
207
453
327
125
456
499
148
153
262
240
433
154
89
262
416
428
247
271
227
105
382
312
493
181
338
341
46
452
154
158
111
203
169
159
156
177
400
352
244
209
452
106
425
89
220
17
363
0
57.0951
133
299
89
438
2
60
467
198
205
338
356
244
193
15
459
330
133
189
101
80
162
293
382
491
251
322
151
78
414
24
18
472
331
383
269
38
13
167
256
174
420
372
165
119
57
151
166
290
375
0
86.5207
100
370
229
216
212
333
215
104
423
239
340
206
159
421
483
337
452
34
43
141
129
461
446
272
53
183
137
56
219
209
318
443
147
465
500
133
324
175
82
475
103
348
229
418
63
184
360
453
25
394
93
136
85
474
227
196
0
71.3617
281
453
263
14
134
52
385
218
359
438
160
301
451
225
32
201
32
307
45
106
224
137
302
392
298
213
213
313
347
342
14
130
71
241
407
389
438
355
174
278
11
309
449
4
0
27.8507
470
426
205
242
340
333
155
121
385
378
474
500
485
237
167
328
358
31
11
348
179
282
134
498
366
274
66
370
110
365
444
113
48
305
212
324
365
462
283
492
480
332
32
186
439
413
0
82.7567
449
333
220
393
6
363
118
329
387
280
479
232
223
374
287
34
309
225
411
472
89
451
168
30
256
174
155
275
28
251
228
27
237
376
86
446
310
378
55
87
356
11
190
442
477
135
120
142
313
246
482
449
0
32.4944
331
313
155
39
329
336
370
230
219
96
320
207
428
311
148
301
486
29
450
181
38
459
49
414
317
185
165
9
323
107
303
165
133
126
269
53
97
407
444
345
375
352
334
383
125
193
109
69
337
333
0
19.6259
422
5
372
102
411
163
183
132
147
259
55
86
131
99
444
297
440
150
293
456
295
282
302
83
107
55
264
124
444
4
205
405
20
11
231
318
268
49
108
412
460
260
493
86
111
208
380
162
392
391
320
3
395
72
0
97.5224
37
103
487
256
470
1
441
314
74
484
11
1
435
406
362
310
442
140
444
483
454
44
499
290
123
47
140
486
93
230
78
496
420
19
486
463
285
185
94
371
121
192
440
39
179
178
444
357
263
52
482
318
243
398
48
0
99.5103
38
125
444
7
394
499
94
124
27
141
300
288
363
184
416
451
420
57
323
407
57
18
447
60
23
335
343
173
247
40
25
144
54
50
322
226
264
31
255
405
342
381
432
364
387
397
0
59.4341
471
361
319
227
169
202
101
316
135
42
12
371
261
348
412
160
211
381
500
310
366
283
1
448
251
360
392
339
126
152
123
415
177
160
460
105
486
391
330
85
281
162
207
0
20.0836
389
408
265
398
36
439
97
367
115
447
73
26
493
350
374
142
442
87
268
293
185
167
126
446
133
457
160
193
4
256
35
217
295
62
40
279
436
314
447
433
175
96
471
301
209
494
310
254
499
194
0
4.4483
91
181
72
149
157
81
82
307
321
249
41
400
22
121
178
341
211
361
267
418
359
157
263
481
187
420
226
110
254
361
122
246
345
472
86
489
62
327
282
34
189
164
97
464
88
449
82
487
0
80.7841
92
165
213
157
490
429
134
331
483
500
8
468
377
240
293
234
29
479
325
34
355
12
345
42
442
202
136
46
358
40
259
349
482
1
167
281
414
33
309
441
496
183
487
249
259
433
139
171
62
0
64.6401
10
499
476
479
415
279
37
8
95
37
98
292
372
370
200
377
260
324
261
183
195
356
418
283
295
35
88
386
72
497
359
434
498
491
154
448
297
405
132
77
208
213
13
409
24
408
424
0
74.7817
65
317
485
288
67
382
471
222
262
355
448
282
89
204
124
413
85
394
312
471
76
24
254
345
60
216
259
3
370
229
461
255
394
262
270
7
247
243
358
21
277
456
226
435
421
329
306
4
265
481
468
48
144
214
0
36.8106
87
214
43
109
149
144
407
346
150
251
152
275
111
84
45
290
423
298
137
274
25
483
432
17
469
311
462
416
294
145
152
398
272
63
287
208
181
115
470
334
290
131
490
219
190
365
255
27
0
18.1027
396
267
267
34
481
471
421
112
253
234
484
78
85
35
52
474
453
472
412
75
496
347
330
339
274
96
458
420
191
479
253
258
349
170
362
67
320
452
276
454
15
2
192
381
276
358
345
298
130
137
172
230
208
485
136
165
81
0
97.309
492
487
275
209
137
345
423
13
37
259
306
484
144
328
204
449
200
202
190
149
68
290
321
38
53
112
303
483
352
310
24
441
224
138
325
331
235
103
43
249
94
499
0
68.06
466
132
285
320
343
211
408
462
458
176
476
40
458
218
306
112
257
452
151
203
265
378
115
470
71
85
167
389
119
149
161
450
271
260
119
339
178
391
467
329
136
135
378
298
100
264
112
468
487
0
48.93
329
5
365
488
100
72
148
262
373
102
299
31
437
144
27
15
337
6
277
492
377
2
451
142
195
385
332
441
223
366
275
65
375
19
209
358
361
348
47
242
433
0
0.69369
305
24
114
199
267
434
42
83
339
243
489
214
320
331
419
457
250
484
18
267
123
367
393
325
147
438
281
264
422
313
122
159
166
384
209
229
306
486
447
218
80
182
406
394
377
342
67
380
185
192
80
229
349
16
272
306
0
14.5019
242
50
150
244
170
351
434
37
154
257
128
451
488
4
442
431
36
246
86
6
55
220
377
6
261
362
127
446
134
74
25
255
307
109
22
217
210
232
127
313
35
487
463
68
131
90
245
44
335
227
344
0
97.193
154
151
363
151
389
255
467
203
428
388
443
223
165
245
105
193
169
115
184
326
184
96
73
133
386
369
265
180
31
3
94
22
68
305
362
185
310
106
482
56
493
256
16
140
182
381
492
498
54
144
0
14.6201
1
369
41
412
316
184
271
118
417
365
292
228
75
483
34
324
463
297
164
15
268
271
132
245
467
99
183
100
332
253
200
479
174
72
249
155
171
170
316
116
448
48
213
404
147
334
421
0
49.7405
299
103
211
186
187
253
328
61
92
224
220
79
189
331
148
10
257
327
111
241
34
101
459
12
251
137
206
470
431
9
12
491
386
470
83
236
247
166
347
337
5
81
53
286
422
95
413
135
350
141
368
157
0
73.5257
439
30
345
354
32
184
200
87
384
70
355
155
40
469
407
128
38
149
101
464
190
140
27
443
258
293
198
473
484
168
2
406
437
226
478
389
105
450
296
227
225
467
213
433
305
317
490
0
10.9951
479
51
48
310
248
472
496
72
59
409
183
105
382
175
424
477
275
198
157
381
16
90
422
115
46
353
37
306
68
359
41
431
421
390
225
460
328
9
84
419
353
172
321
318
273
0
62.9238
141
33
101
500
145
122
263
376
192
345
396
19
441
229
150
178
242
255
2
474
27
420
204
435
380
434
402
63
311
161
276
478
274
298
126
332
477
157
131
325
448
418
126
98
352
403
22
346
415
53
404
118
470
0
17.5154
486
111
100
285
274
353
236
147
226
11
183
148
378
149
411
413
385
288
458
103
204
237
54
162
138
129
110
116
239
11
288
207
445
300
201
224
304
321
7
211
34
192
118
217
25
355
176
237
463
437
252
224
0
18.8738
135
45
397
1
362
495
146
249
482
262
453
278
189
211
492
378
432
68
163
209
440
25
13
14
134
359
464
153
37
316
317
67
491
498
197
364
149
68
179
342
198
4
161
372
115
374
145
0
65.9272
126
146
42
287
45
211
145
96
250
399
475
96
130
201
398
122
467
132
244
255
274
172
356
145
251
79
97
32
445
54
275
43
154
251
35
14
392
131
373
251
237
290
200
337
342
358
401
138
13
31
268
223
365
207
325
290
444
340
0
78.3149
244
394
112
257
191
298
448
355
73
13
418
74
371
90
154
154
147
207
59
263
383
63
94
437
175
49
200
377
457
28
188
185
406
103
275
78
297
453
269
5
136
238
208
306
228
342
329
53
49
426
282
285
421
319
425
389
168
291
50
0
63.8757
250
8
326
282
62
171
267
471
131
198
104
297
255
429
88
326
107
388
120
108
121
480
301
151
89
108
267
203
406
136
173
495
399
347
288
420
32
69
262
102
101
62
349
294
63
7
434
68
442
209
445
164
1
373
51
493
428
96
177
0
31.2346
358
9
128
101
428
97
24
203
382
103
102
454
144
3
210
470
99
343
394
168
350
149
390
163
94
432
207
448
134
117
2
6
335
127
487
197
14
92
396
359
5
352
237
18
441
0
81.4139
486
376
490
157
230
176
398
55
444
435
265
240
236
70
228
41
294
243
213
163
152
59
356
90
169
297
327
439
127
22
135
34
25
71
445
388
252
41
139
495
121
171
256
259
481
0
56.5068
49
470
248
276
33
440
400
160
235
387
9
240
147
355
72
23
206
388
298
344
178
132
420
334
51
48
385
203
176
181
296
297
102
438
309
445
446
86
254
91
133
253
180
61
460
258
80
77
429
0
67.2699
458
192
32
38
138
11
302
304
173
208
315
255
206
55
325
42
25
41
12
41
370
3
185
310
391
29
21
288
481
6
202
67
200
442
277
47
258
465
156
92
476
327
441
475
259
495
289
0
79.6132
210
257
16
188
430
428
227
137
333
72
382
126
88
370
376
179
444
464
167
490
14
17
437
85
191
202
233
154
17
318
45
79
412
145
173
38
312
451
384
190
30
71
451
166
296
383
412
367
372
361
416
162
59
0
94.817
465
273
109
69
326
471
421
472
400
264
177
29
321
398
178
7
76
35
183
74
425
224
441
494
12
375
414
299
58
477
367
418
138
362
380
435
282
178
15
33
185
113
74
239
17
463
241
456
108
427
101
247
85
302
0
99.742
420
441
401
417
485
477
177
447
426
491
417
456
151
179
463
486
437
215
151
44
323
243
425
379
104
237
418
432
296
462
155
81
236
351
141
464
11
185
424
72
222
383
364
229
264
56
0
99.6595
228
128
226
39
291
261
424
458
44
305
253
325
375
368
12
321
96
49
131
325
255
373
267
156
34
493
17
247
87
453
479
83
450
200
139
198
304
237
368
283
480
364
230
0
91.2461
104
417
481
411
351
231
480
175
283
349
246
326
255
22
415
442
300
51
491
321
262
414
287
486
446
19
339
468
294
241
398
215
312
126
74
370
180
4
317
202
71
101
64
366
180
162
331
492
143
0
69.1064
246
414
373
154
151
144
81
156
319
343
8
49
122
365
446
416
378
390
14
32
195
235
175
331
129
352
322
386
207
148
30
439
305
356
145
374
76
230
373
153
206
135
12
374
257
142
340
55
69
110
413
236
410
0
32.008
356
345
290
232
214
414
282
24
451
365
30
256
41
152
302
453
457
401
190
352
451
160
452
344
450
180
9
484
452
239
19
421
450
210
20
477
152
25
36
362
0
9.6804
106
365
87
175
123
466
13
164
409
466
5
176
367
351
187
321
268
126
330
223
163
474
299
441
284
138
446
213
292
132
233
131
457
399
408
490
231
456
163
363
291
298
220
45
249
337
0
16.5339
298
66
386
468
54
216
183
7
481
419
281
124
313
286
402
172
276
151
93
55
53
324
413
187
231
407
138
453
226
15
13
241
223
101
486
374
469
306
177
208
230
301
336
7
66
292
124
475
0
47.7552
414
65
451
374
70
227
471
152
428
188
27
181
199
232
220
74
138
23
102
48
416
256
125
57
188
407
226
94
106
236
462
34
127
397
286
273
122
474
384
255
384
115
26
258
416
87
107
0
79.2903
14
291
368
445
333
141
210
295
91
282
210
259
94
251
61
91
13
332
291
192
473
344
99
316
167
93
67
337
311
329
286
201
418
304
38
247
400
216
454
152
245
354
353
23
183
39
370
118
77
257
222
368
470
364
316
41
0
46.6497
182
38
249
24
181
148
334
454
400
497
170
451
34
331
269
18
31
118
7
423
485
211
390
181
432
66
279
207
415
491
294
9
162
49
389
106
116
476
390
425
473
482
257
480
114
24
202
0
76.1388
382
127
412
130
400
143
453
146
301
359
323
13
462
114
250
54
56
199
350
249
445
114
12
60
361
163
187
423
228
17
294
86
134
190
26
130
150
129
333
176
215
170
313
264
160
476
463
478
188
458
0
27.2729
57
452
144
85
194
234
415
475
96
444
396
336
27
306
142
366
182
283
427
407
35
46
310
473
223
191
94
467
413
217
115
166
272
315
95
305
96
345
267
245
93
213
98
294
17
276
0
0.33464
4
405
311
272
153
120
98
284
82
378
220
437
358
370
236
293
68
290
300
322
285
117
161
120
142
325
423
159
429
321
453
276
234
76
368
167
318
425
191
45
413
467
198
258
279
263
455
361
0
55.6654
286
247
106
435
114
97
106
30
17
465
207
284
42
141
307
266
352
456
203
155
179
456
144
53
34
38
493
389
147
230
373
306
74
250
441
16
351
435
2
289
249
250
245
41
191
269
424
84
337
492
368
343
365
149
0
35.0268
326
295
183
451
27
220
147
101
165
204
232
294
39
350
447
486
116
233
113
58
320
12
123
446
3
321
268
22
487
498
204
391
122
472
274
330
212
171
266
486
451
459
21
0
10.304
131
149
350
435
467
366
467
354
272
54
355
251
219
360
366
398
148
153
145
417
237
97
71
446
418
250
308
261
101
202
289
161
321
209
273
97
408
191
77
251
241
187
177
35
462
419
177
455
154
439
107
41
447
116
0
40.0932
85
169
145
62
30
157
230
124
73
52
115
241
262
404
64
111
422
312
194
419
68
250
319
294
182
446
114
217
215
138
318
375
309
206
296
280
61
261
42
118
221
498
463
129
224
336
400
306
348
384
466
82
264
344
130
88
0
99.3468
259
359
374
48
83
283
213
212
90
68
234
31
430
56
100
260
83
210
312
119
175
372
257
237
55
263
311
86
370
213
159
316
471
247
355
393
228
24
93
184
63
397
489
259
309
400
327
435
173
403
360
141
0
13.7566
239
277
388
337
158
65
484
439
314
90
108
311
442
62
88
254
303
339
132
216
500
57
456
491
166
119
48
253
269
399
273
111
161
377
356
248
300
352
370
193
221
304
199
151
498
448
336
141
412
442
312
285
257
395
405
0
46.2381
459
67
445
194
409
137
145
302
106
267
38
161
77
213
110
347
14
30
299
447
184
457
388
120
368
417
317
214
381
455
125
191
445
252
57
271
13
203
238
397
0
38.0552
239
333
20
210
66
440
274
373
141
169
214
309
334
446
284
120
401
206
479
106
464
237
309
79
375
413
490
40
139
170
424
187
370
160
91
388
14
299
62
152
414
297
447
345
45
16
368
451
263
157
96
149
165
0
43.8752
135
306
407
4
297
159
165
406
320
291
102
302
251
220
85
142
116
368
145
459
60
355
66
408
346
438
400
217
134
447
358
19
305
212
482
188
258
113
476
250
83
262
449
411
170
15
169
378
484
263
272
469
219
0
86.7449
170
158
430
468
330
258
364
195
181
49
7
92
447
342
386
490
120
225
151
165
415
147
50
80
269
215
438
78
8
406
234
60
459
386
113
19
238
26
258
54
341
464
104
44
178
218
304
340
172
55
198
274
222
94
436
274
297
304
0
72.8918
70
25
408
14
314
144
180
86
394
67
479
43
445
384
427
341
471
469
16
441
314
347
370
201
80
139
2
429
247
225
313
298
214
74
426
445
395
170
348
470
223
111
1
293
291
226
0
7.1486
226
268
407
365
58
150
110
97
372
269
211
231
375
496
329
421
383
284
311
218
324
197
321
314
76
292
280
286
396
53
489
158
57
399
418
304
279
425
444
268
34
241
305
433
422
14
332
358
98
310
475
477
224
5
0
98.6815
28
210
125
210
483
476
47
113
99
110
408
185
38
340
127
89
344
317
167
46
201
311
148
300
191
445
202
293
252
95
349
374
325
406
14
186
333
398
234
99
488
132
484
369
83
25
223
307
457
473
486
353
432
80
233
0
88.5133
154
106
285
487
395
434
243
93
474
200
53
477
262
258
171
49
420
29
269
297
402
223
149
158
188
473
459
282
489
276
273
344
173
90
57
259
123
6
325
447
252
164
226
410
357
173
372
335
492
267
493
152
58
160
105
198
0
93.7221
206
345
207
231
436
95
338
483
317
374
321
496
459
358
113
131
272
186
333
308
215
349
13
207
242
41
496
500
77
399
380
148
108
491
446
449
466
417
15
452
242
264
252
70
437
0
8.5371
415
32
325
221
96
160
176
328
73
325
151
309
129
85
252
295
430
4
287
209
120
101
116
75
265
371
19
132
7
18
291
8
217
434
464
65
188
320
226
229
248
432
433
176
300
2
332
336
0
32.2626
257
198
232
240
162
47
134
474
331
35
356
297
45
183
460
326
293
390
242
129
264
437
430
34
368
465
36
491
255
326
354
484
462
121
418
5
230
426
372
302
476
18
157
132
229
199
129
489
10
249
42
466
219
447
341
306
496
263
0
54.3705
140
260
260
139
297
187
380
26
240
193
400
49
248
358
430
424
215
403
10
309
500
426
347
390
236
80
384
59
218
90
382
66
9
336
331
161
119
380
466
272
382
128
77
239
48
355
0
61.8267
491
46
55
483
435
432
16
14
209
455
270
490
238
430
241
235
22
469
91
61
7
12
319
85
217
233
361
460
30
38
485
111
498
474
85
346
373
68
367
191
265
400
27
375
380
402
88
264
249
401
78
231
0
68.2111
44
223
133
114
104
382
256
441
304
355
310
116
85
464
435
91
328
454
114
424
169
438
300
181
481
336
49
337
208
464
39
190
488
204
343
168
168
110
468
50
183
127
327
382
267
104
429
123
382
24
355
232
95
1
0
18.2275
133
314
465
495
14
224
386
350
60
13
5
25
378
119
60
229
239
422
176
224
430
437
289
159
263
375
379
245
412
37
39
26
430
243
29
439
423
122
394
462
112
76
275
252
305
218
347
0
96.6205
369
110
196
254
381
67
500
365
481
468
64
4
329
253
177
73
78
45
49
235
386
153
258
453
13
352
381
57
377
116
144
330
250
458
193
251
353
225
430
105
341
379
395
98
98
194
0
36.301
77
73
25
43
193
63
60
30
472
153
318
463
431
366
481
184
50
37
55
191
240
43
434
179
138
402
158
383
370
499
356
347
169
343
82
349
380
500
354
334
206
188
310
326
216
376
478
379
189
124
217
286
131
462
238
375
455
179
347
0
99.1186
40
415
288
365
301
168
183
130
193
252
440
394
414
271
78
433
198
362
416
166
458
473
73
363
21
341
445
419
154
99
308
46
369
334
442
239
355
40
201
449
160
301
204
46
470
459
29
22
411
225
250
0
73.747
84
155
315
475
78
398
182
239
160
167
143
70
228
33
233
123
55
94
129
387
90
176
218
45
159
239
339
435
490
329
375
140
323
38
207
65
362
99
184
281
88
146
43
412
436
240
132
298
453
181
308
115
457
341
0
21.4508
7
204
388
218
461
119
154
358
54
232
210
232
95
190
407
153
253
391
166
370
202
454
97
58
146
245
173
324
239
469
145
436
101
46
71
90
48
499
355
365
131
323
107
337
413
120
494
461
487
0
32.6067
156
49
286
11
446
140
484
30
129
337
67
322
40
293
498
242
335
418
420
226
269
334
487
193
211
377
23
444
414
479
416
275
76
22
187
216
131
383
447
369
468
343
333
0
53.8857
119
344
190
87
106
104
75
19
280
180
135
68
215
411
480
238
400
472
242
380
157
52
56
440
454
493
226
339
5
74
472
305
41
496
220
415
89
129
471
414
300
0
61.306
331
25
169
329
267
287
316
13
32
312
132
118
128
109
226
349
227
410
262
202
343
319
374
245
460
394
108
27
436
261
39
488
112
93
184
37
420
339
339
313
375
143
189
2
470
498
366
0
65.6821
429
120
408
132
110
40
486
200
475
485
161
234
360
191
441
498
41
109
86
399
13
327
295
15
170
339
38
180
172
119
484
358
119
126
45
35
428
377
174
235
360
441
200
283
87
473
351
90
29
114
420
0
21.2606
223
253
25
376
180
340
467
265
457
359
54
124
284
394
4
58
431
494
225
374
27
278
332
227
313
311
236
36
43
22
432
199
250
62
156
149
2
412
212
73
406
494
272
80
373
0
99.4677
134
160
222
424
164
445
391
3
427
23
232
198
478
351
92
299
73
391
248
73
399
288
242
298
196
79
94
356
391
216
251
418
352
178
349
131
380
442
226
313
228
193
9
0
72.6803
368
181
410
70
490
69
259
87
450
232
295
123
131
3
318
320
37
418
24
440
63
6
270
158
165
223
127
247
404
231
50
182
380
31
415
274
440
279
205
332
493
399
124
480
235
0
85.6765
43
328
433
456
404
354
86
306
309
126
212
198
194
191
409
86
18
137
301
346
405
177
78
80
271
104
362
149
140
465
261
352
242
226
339
106
28
382
343
331
373
173
304
384
78
375
395
34
0
16.5906
57
404
296
452
325
306
33
441
79
198
27
318
42
343
149
375
301
284
497
198
69
302
45
274
317
198
434
329
471
322
401
270
94
25
225
78
134
51
289
45
384
13
492
242
396
337
494
381
0
60.7089
190
161
380
324
137
363
329
133
108
242
494
475
196
268
347
282
81
87
39
266
365
352
485
174
330
273
264
203
284
466
233
16
459
345
170
98
244
329
251
279
256
257
295
135
408
211
195
254
400
468
0
33.837
464
58
158
4
267
407
125
286
22
178
470
410
124
165
422
84
245
291
12
169
423
189
274
93
226
203
280
63
392
322
498
229
101
137
107
64
254
456
435
231
488
394
425
0
13.8307
402
431
241
127
245
309
55
26
97
210
445
28
202
432
464
154
414
223
478
166
490
311
459
330
202
346
489
181
163
351
159
405
244
445
177
391
433
318
148
240
259
361
282
297
283
463
134
392
61
123
0
13.0226
235
393
66
453
350
211
420
134
208
221
394
228
457
3
69
287
272
194
79
285
306
77
227
382
246
77
381
26
1
314
24
139
94
175
331
59
5
116
242
450
326
9
347
338
28
431
422
315
0
88.5674
343
494
486
201
151
456
1
300
152
76
259
434
344
276
266
157
286
280
256
102
287
113
470
229
409
344
424
40
286
426
487
373
431
441
412
388
307
434
278
431
37
160
323
236
127
431
244
232
358
149
0
85.4212
308
346
409
71
277
431
56
369
326
289
65
149
249
39
14
283
490
56
325
134
436
460
159
461
480
74
291
151
382
139
217
135
384
177
375
411
32
497
466
451
338
200
82
449
341
41
142
38
383
0
38.7405
236
406
333
241
56
498
363
499
470
365
372
200
301
184
423
56
132
314
94
364
296
59
170
211
108
314
238
7
350
285
294
481
110
187
236
443
59
100
180
143
80
477
311
292
186
150
208
0
51.2883
278
18
270
352
169
134
112
318
359
62
170
459
242
355
475
12
449
268
280
262
16
247
432
374
131
34
113
151
312
22
119
473
463
244
163
310
142
408
48
251
480
0
35.7787
433
354
312
10
485
275
198
352
174
365
29
212
273
361
387
464
53
380
59
448
453
378
446
364
29
331
467
132
348
463
224
400
411
279
345
5
492
450
134
320
313
75
358
109
222
186
280
229
59
434
285
208
222
372
55
244
0
46.8654
182
430
251
52
228
464
62
320
251
102
18
205
202
64
47
438
217
130
132
460
417
370
159
3
424
302
230
287
271
153
235
484
116
165
102
31
273
304
359
316
142
257
318
154
424
95
271
349
212
0
76.5542
369
330
187
144
456
139
137
112
200
438
346
241
163
303
310
462
51
12
473
19
3
87
83
142
370
134
60
243
163
99
184
292
92
245
280
58
162
88
8
63
123
411
247
403
271
323
140
442
252
29
0
59.1794
302
458
69
347
324
321
286
168
196
404
172
451
427
381
340
338
185
238
204
19
365
378
117
136
30
216
98
130
437
113
353
479
124
148
460
257
24
431
343
473
219
402
143
451
459
0
79.8027
371
61
416
426
58
90
406
379
165
149
12
403
175
313
38
206
388
445
63
182
174
250
286
53
475
343
421
164
208
204
148
146
148
161
64
322
104
205
401
399
55
121
102
250
486
198
141
67
48
0
69.7082
284
219
192
341
460
28
432
277
388
115
189
363
436
16
465
275
424
63
318
292
347
233
155
187
96
484
322
310
129
188
468
55
93
60
330
33
343
307
231
490
451
0
73.7869
126
296
249
469
361
251
253
129
54
293
35
186
283
476
491
41
220
343
341
269
413
156
407
342
491
296
197
51
285
445
129
373
381
25
288
301
68
89
59
439
330
461
175
29
372
495
60
105
471
0
49.832
91
302
360
339
36
33
431
92
151
404
68
259
3
443
353
424
229
122
320
493
269
461
218
5
408
499
275
443
28
371
92
420
63
150
5
183
206
85
31
55
288
421
453
4
420
343
31
201
0
78.752
315
47
300
489
137
164
353
216
285
41
272
146
420
318
357
87
97
358
446
273
313
247
327
202
328
159
406
484
103
269
419
316
66
72
116
379
486
87
283
312
215
316
427
257
389
116
288
470
70
75
116
274
208
0
6.0371
363
390
392
244
471
395
100
259
252
117
479
41
432
398
466
29
229
333
394
179
231
19
109
97
277
83
11
11
71
372
425
499
131
164
366
225
122
146
77
413
189
325
217
402
184
75
481
13
2
56
0
35.9236
468
261
290
374
241
363
272
289
130
335
132
1
495
49
200
467
197
351
449
403
401
258
461
53
163
448
290
21
413
384
403
78
411
417
108
390
496
177
263
462
239
74
397
36
193
227
400
290
157
378
23
237
0
54.0475
237
81
446
499
398
120
133
277
136
187
416
345
120
272
480
242
145
36
360
63
123
124
197
104
239
450
361
284
449
343
436
403
393
336
475
239
162
51
443
191
384
359
17
124
18
463
190
0
49.9238
226
274
492
232
458
73
73
490
28
322
70
164
252
271
14
282
228
185
352
322
244
395
28
446
271
384
431
114
321
53
370
339
35
233
167
360
408
251
490
324
199
420
142
4
144
351
73
219
70
147
401
162
164
476
0
43.5914
30
222
481
358
183
296
373
414
320
261
118
154
133
300
250
254
85
134
363
58
260
127
102
150
362
45
209
347
440
57
29
43
39
265
127
411
445
44
1
180
18
361
117
431
83
473
140
277
231
376
490
327
13
75
0
78.0936
341
292
32
190
202
464
366
74
45
406
313
28
74
482
74
107
112
57
47
162
494
9
329
248
183
372
415
126
441
290
296
259
403
371
309
113
169
454
147
139
174
73
456
35
348
494
161
218
0
8.4263
37
495
306
254
36
19
94
423
194
159
124
207
116
336
47
158
272
68
7
318
355
294
373
368
230
359
53
218
253
4
386
123
224
330
230
467
434
325
117
349
341
136
376
470
5
176
164
137
446
0
87.7351
28
410
493
285
479
307
324
468
418
387
113
119
142
214
123
365
432
466
401
337
263
431
293
462
392
370
99
105
462
289
116
358
326
169
99
359
476
244
231
399
125
59
14
4
0
80.9371
29
356
314
3
385
39
78
112
114
304
77
405
495
448
409
124
416
381
424
269
160
42
297
59
408
196
68
83
277
249
447
219
274
396
99
119
254
212
413
73
9
0
86.6031
175
337
448
388
163
110
373
384
230
254
311
291
408
161
139
445
324
279
222
492
275
89
312
86
305
464
395
257
443
379
157
134
287
210
4
195
350
151
404
99
68
170
450
340
71
171
277
132
26
102
459
0
8.9883
258
228
251
61
161
466
36
230
284
56
286
153
258
246
438
189
97
213
483
319
208
326
239
158
73
23
175
490
186
432
87
239
263
211
53
491
470
386
81
131
304
345
426
211
393
210
337
444
4
408
0
17.1056
202
422
243
120
176
170
208
129
279
180
15
282
56
271
317
30
456
127
85
356
330
28
78
2
334
454
175
436
435
312
248
176
471
16
128
25
456
332
26
55
59
142
173
331
78
422
305
256
70
74
308
0
44.4236
270
300
94
250
275
326
410
213
478
84
468
50
371
490
429
316
337
31
491
493
324
232
23
412
20
247
50
471
362
205
445
19
118
362
65
401
234
347
1
192
0
23.6852
210
410
321
332
379
392
121
468
45
350
361
230
424
437
313
301
337
332
213
173
197
12
263
381
253
183
119
374
156
321
430
258
458
32
455
44
354
438
315
284
273
371
462
433
198
73
130
268
12
49
235
413
0
94.1159
462
496
153
324
481
216
454
60
390
468
77
238
22
2
377
121
271
223
44
127
14
461
38
61
472
318
249
216
134
325
425
403
331
207
363
286
358
248
185
348
311
202
309
227
125
362
169
499
430
273
488
0
13.3
421
80
135
107
269
264
12
150
148
119
297
308
173
168
376
265
193
124
474
193
371
12
407
256
279
112
346
166
280
426
9
233
243
261
357
7
326
448
319
404
403
277
21
499
390
7
430
168
0
11.2424
493
52
464
48
494
480
423
72
200
262
25
299
455
258
86
169
386
202
409
387
201
185
147
325
332
84
64
197
285
294
348
161
272
178
42
134
236
192
391
375
118
215
228
114
330
78
429
471
363
206
491
53
8
399
357
479
38
0
8.1699
154
50
248
247
435
443
395
498
200
55
170
420
482
422
483
22
357
21
265
173
482
384
147
178
228
103
345
414
220
51
79
185
238
444
316
149
343
413
257
454
462
430
313
351
137
135
260
153
92
0
98.4853
196
145
371
60
259
103
360
136
388
20
350
64
431
445
299
274
463
83
294
175
94
367
268
497
26
311
458
131
379
202
263
335
485
398
245
441
46
329
305
167
308
497
363
140
415
277
41
133
115
206
94
332
0
97.7508
230
274
184
382
406
411
484
197
460
118
72
467
217
486
368
388
132
389
382
477
352
226
340
251
34
362
300
360
449
305
348
486
126
373
85
350
233
216
78
400
359
191
259
20
422
62
466
0
67.1392
269
71
362
274
190
86
271
494
144
153
461
472
248
22
277
52
183
476
65
171
461
431
365
370
204
196
124
34
461
144
240
385
145
148
353
127
293
302
435
250
252
236
46
213
393
344
425
269
363
320
195
0
49.2026
17
9
244
215
12
266
237
446
154
259
431
452
1
388
65
248
172
205
365
90
162
154
46
134
251
107
99
450
497
91
422
420
288
33
327
181
67
443
285
415
336
122
293
281
6
138
19
0
27.3857
116
327
12
4
365
85
130
245
292
395
415
213
284
363
231
386
206
357
295
409
114
19
267
415
226
156
209
442
138
104
485
22
99
120
324
44
423
136
189
461
473
436
277
85
288
339
128
487
308
182
5
152
0
12.5258
491
207
28
328
48
52
140
28
125
473
325
196
89
422
11
21
49
455
458
35
145
410
2
155
131
151
59
22
453
424
254
179
409
264
117
192
85
148
166
153
304
253
314
38
187
370
110
314
376
154
68
467
193
213
269
0
43.0604
28
351
442
326
495
315
317
333
68
287
4
351
380
209
389
132
383
49
217
95
285
401
218
446
95
125
52
226
156
495
46
145
129
109
131
140
138
119
224
241
421
437
251
265
187
186
248
402
212
188
163
457
0
15.8267
188
349
332
395
239
64
284
217
56
131
126
378
422
98
41
127
19
66
11
300
225
15
461
211
109
322
353
112
220
234
472
268
130
68
150
446
433
115
75
19
150
298
405
35
289
263
58
343
305
22
0
5.201
325
137
445
129
62
375
442
45
147
463
204
414
170
301
449
338
33
364
422
323
255
24
233
488
290
201
267
494
262
287
54
360
222
160
251
482
436
400
296
373
452
161
136
456
411
375
88
386
458
18
185
31
170
339
464
228
0
68.9651
489
278
446
61
165
465
491
201
307
477
133
259
335
48
60
283
93
410
122
219
435
455
472
177
216
201
276
11
21
47
19
355
197
105
360
154
499
154
211
137
139
117
446
113
355
239
240
497
343
299
0
85.3072
199
166
151
283
311
431
127
426
401
1
67
91
375
274
88
96
27
339
373
259
5
162
151
462
159
249
464
225
66
101
500
20
403
422
479
320
454
404
177
29
116
128
447
254
41
243
135
0
38.2147
346
286
228
450
29
237
495
263
129
383
375
260
33
224
204
8
281
84
476
54
483
315
151
17
487
212
260
70
431
415
374
317
431
454
139
356
71
171
165
450
286
220
189
23
179
39
51
292
424
73
353
439
340
273
298
0
29.0172
35
403
113
322
198
389
73
321
143
330
55
71
205
468
425
464
303
499
366
345
378
484
194
272
461
386
446
106
264
15
9
52
116
434
241
44
3
239
106
116
117
240
186
372
230
473
75
312
441
90
18
352
0
70.6211
207
468
467
378
178
448
478
361
227
67
399
136
141
458
111
132
106
74
433
126
198
387
466
42
269
54
431
478
204
93
288
369
80
198
214
78
370
77
308
328
472
184
245
264
38
216
61
395
452
0
53.4727
321
201
223
95
431
414
66
70
389
213
41
2
102
56
488
456
40
445
398
85
350
121
219
81
249
5
426
283
44
429
453
212
266
198
348
348
266
218
215
0
17.3928
383
58
437
389
482
259
215
475
363
487
350
72
197
63
354
448
53
440
163
450
397
403
415
398
115
14
32
467
456
210
302
298
167
157
309
179
466
342
485
329
447
403
241
470
314
251
125
309
53
293
88
206
223
247
0
13.8049
141
66
423
235
479
386
12
331
451
7
485
250
248
203
177
84
288
175
439
45
391
17
222
430
405
13
456
271
141
207
339
181
84
486
76
213
314
353
117
264
10
308
398
265
500
154
251
0
64.4486
311
380
395
202
364
354
67
486
373
56
454
367
483
467
446
200
132
380
236
31
228
447
234
426
152
297
494
289
396
45
209
114
493
195
49
104
291
28
36
198
283
341
49
479
446
190
146
213
83
65
408
492
0
23.6504
451
225
430
36
433
171
181
155
476
402
217
63
330
332
306
384
90
369
103
390
126
138
208
70
296
181
161
263
166
256
159
381
327
68
415
240
212
427
354
500
46
153
25
169
454
402
343
329
231
264
177
209
0
87.4178
328
85
138
149
461
384
174
154
369
240
416
49
412
436
52
242
84
494
443
362
131
273
70
231
451
285
295
97
78
117
198
478
233
311
96
130
355
13
430
100
38
78
199
383
442
215
421
130
398
0
38.6319
363
113
273
436
191
441
65
340
328
227
78
236
343
300
493
305
177
244
127
320
326
416
111
328
457
350
254
67
211
153
365
477
257
147
156
97
299
484
164
38
203
336
40
91
261
482
193
319
176
271
0
38.4271
370
204
207
347
223
478
147
206
425
352
334
404
27
155
105
397
98
81
465
386
436
247
71
444
70
294
141
438
210
204
460
338
20
334
487
411
74
247
463
491
100
195
395
276
446
287
316
40
6
96
478
242
194
0
48.097
412
294
462
359
224
378
273
238
161
284
134
390
197
175
93
451
331
418
428
153
443
203
80
115
49
117
50
433
265
66
114
465
51
103
460
454
14
75
456
118
457
450
74
60
8
401
2
0
91.9823
265
452
251
151
404
191
97
350
335
448
101
105
487
471
374
275
292
46
229
235
211
438
54
28
88
50
230
174
277
412
16
307
184
210
55
155
112
378
434
388
82
344
108
134
250
406
215
0
58.0613
269
231
353
424
118
428
290
357
65
353
299
315
99
450
425
417
285
7
460
350
460
488
111
483
170
296
360
134
124
163
277
487
414
69
142
476
161
39
368
312
169
477
173
206
356
105
0
17.2549
121
124
459
413
40
382
352
437
475
437
255
139
403
307
215
53
374
376
243
464
317
130
277
285
138
336
268
481
208
471
100
250
81
361
349
166
370
30
283
432
23
356
392
271
496
285
0
41.4605
223
17
483
171
156
326
63
195
257
465
73
294
273
340
319
431
172
1
138
165
361
223
262
275
181
346
212
141
1
255
463
28
123
220
345
436
304
452
147
177
276
387
0
51.3046
373
410
75
333
277
115
239
433
59
467
78
414
54
6
200
161
85
162
369
142
286
88
113
469
293
463
486
186
252
93
423
308
35
262
65
447
406
293
70
469
440
101
334
40
34
287
94
197
90
205
84
81
228
0
48.8559
119
468
344
273
148
321
67
484
195
172
470
251
255
160
40
384
95
214
427
248
450
390
300
11
196
455
243
54
399
91
219
327
269
416
89
398
307
208
410
13
10
482
390
100
183
222
1
264
469
83
295
205
451
53
0
92.1195
134
171
138
60
99
193
5
5
22
276
273
165
363
337
421
198
101
443
459
152
141
160
321
117
128
25
145
74
246
23
236
359
128
362
371
327
344
176
176
58
129
381
334
359
443
35
214
319
117
0
74.9988
439
34
439
120
490
107
111
145
12
321
186
226
252
167
426
300
466
135
110
206
196
449
16
28
115
102
468
176
293
404
298
49
21
165
5
490
131
222
418
169
40
312
106
495
465
2
434
316
338
154
386
0
96.8114
63
338
342
105
257
478
249
196
338
242
243
40
323
306
90
158
285
384
308
326
181
312
409
176
8
126
59
427
316
36
110
78
58
66
157
193
333
388
387
240
427
378
414
222
484
52
178
340
0
13.6987
366
324
205
130
255
248
317
100
157
220
59
237
45
193
306
489
335
473
100
262
457
100
486
187
309
204
351
291
464
140
402
72
45
469
143
238
76
301
457
164
401
39
159
0
33.4371
477
136
24
271
366
194
247
436
77
292
123
86
137
336
411
198
3
209
278
443
72
52
293
352
21
23
19
124
75
420
27
102
27
450
402
495
98
263
455
48
268
337
211
59
289
221
258
8
432
0
44.0756
435
403
209
68
430
75
406
139
105
153
177
125
307
55
164
256
237
423
43
500
491
173
93
143
351
347
357
361
75
38
126
360
134
211
317
303
427
334
384
194
293
469
67
287
287
445
11
123
65
154
371
459
180
44
0
23.511
186
53
304
148
341
274
472
49
406
176
165
475
360
296
6
93
113
123
377
334
129
448
333
471
472
170
468
475
38
410
416
192
2
14
248
262
404
432
358
103
231
41
453
401
200
63
46
215
172
68
229
283
61
129
379
0
7.7104
136
164
281
44
463
256
168
167
420
389
196
148
469
311
440
326
263
105
450
406
214
492
86
39
8
394
318
298
426
7
463
133
242
401
284
116
366
225
491
413
211
319
236
65
269
0
20.2512
51
109
355
317
121
182
307
417
345
136
143
139
150
395
56
327
18
358
151
427
35
125
249
357
497
151
421
66
431
323
116
32
400
96
327
56
329
166
356
496
252
265
385
286
333
109
124
429
193
462
0
3.8348
331
215
446
31
288
378
96
132
202
408
174
402
149
242
130
41
37
235
408
165
189
4
471
165
464
331
429
231
29
451
495
416
40
28
204
397
138
18
420
115
178
47
177
308
483
491
271
135
342
0
93.222
235
170
28
368
54
477
64
441
52
59
345
408
325
414
72
84
111
385
427
259
166
96
330
137
47
43
420
500
285
294
273
388
229
212
331
289
40
350
138
161
163
48
239
299
354
295
275
34
5
383
216
234
365
281
0
71.6684
116
344
370
303
198
219
293
379
40
87
347
273
165
397
64
232
63
308
38
410
429
466
145
65
373
204
272
221
294
272
271
109
433
205
94
453
441
60
193
173
386
460
270
338
0
6.5875
212
478
440
318
340
334
483
469
93
327
295
139
231
337
27
347
164
321
287
474
446
103
218
288
53
341
411
49
439
416
460
493
86
494
19
268
451
22
310
27
380
388
201
291
402
480
277
48
0
4.4943
237
31
484
480
40
295
77
181
493
465
212
241
84
48
38
79
67
346
271
123
296
211
458
328
418
36
497
256
135
42
444
455
296
477
286
123
457
63
21
207
59
45
472
22
415
92
0
36.7636
199
448
387
30
28
294
313
96
225
464
462
444
141
370
213
305
339
357
423
391
25
416
427
109
109
298
489
403
406
123
195
382
417
110
254
29
385
328
327
356
102
369
305
496
46
168
383
227
419
0
57.4998
499
313
437
299
23
311
342
429
43
85
247
356
4
160
370
224
485
138
154
342
365
132
283
133
400
325
470
324
124
17
241
78
56
339
206
424
105
414
30
194
415
358
359
457
41
0
15.5854
360
420
181
256
487
249
368
52
377
427
387
430
181
69
225
322
13
433
129
169
56
386
222
180
269
453
435
434
35
394
68
127
65
349
454
106
179
208
59
170
318
407
92
456
76
392
312
309
420
358
282
103
141
373
53
193
200
40
170
295
225
158
0
66.027
459
330
11
139
43
130
92
93
431
304
195
470
424
423
372
299
424
228
178
101
134
401
466
280
50
439
173
195
29
239
97
129
163
233
41
63
257
222
55
79
105
109
488
69
96
6
390
342
43
77
483
0
45.0432
295
466
392
67
76
45
344
177
406
465
182
219
253
214
375
481
255
360
336
249
416
150
403
311
466
405
352
247
73
28
39
493
432
371
9
252
492
162
316
211
177
344
400
24
386
98
0
56.7432
177
17
451
433
178
272
491
259
124
287
440
170
375
316
429
278
97
298
374
209
290
126
396
145
333
330
177
119
205
459
39
203
71
496
246
203
179
268
406
93
256
378
195
476
368
232
111
301
380
32
371
197
460
35
282
299
222
0
55.766
19
155
270
96
131
354
488
11
234
376
341
155
214
224
84
256
288
66
243
494
323
336
49
112
298
353
361
316
381
280
96
223
432
10
14
415
227
486
402
29
279
438
158
265
27
288
267
0
15.9187
49
191
323
23
203
428
426
159
41
79
313
339
433
62
385
63
38
368
267
332
223
316
312
278
69
409
62
32
261
297
52
312
58
381
75
476
218
149
106
386
110
430
318
442
380
500
461
328
333
33
64
0
25.3865
342
142
159
345
58
24
18
336
285
259
27
20
50
280
446
353
62
333
303
6
6
3
455
69
496
431
362
43
242
75
377
112
362
464
234
95
466
46
206
275
73
18
272
138
98
478
172
0
31.406
65
292
313
171
89
432
285
187
385
85
59
345
228
436
272
470
65
451
84
494
219
467
355
365
260
316
441
48
139
336
257
83
310
372
180
335
154
284
261
296
25
112
234
363
20
395
385
48
158
0
3.2927
84
318
87
389
257
308
123
340
22
330
93
434
51
444
498
352
135
289
261
114
219
29
380
48
134
500
365
252
275
47
424
25
439
370
337
407
280
349
336
372
17
93
463
61
266
354
0
47.2528
73
339
436
298
42
322
405
422
178
416
270
18
367
140
409
306
128
214
280
470
372
374
492
449
78
447
495
51
127
201
397
289
284
113
298
332
187
253
38
302
289
425
222
314
27
156
500
0
27.6045
169
291
308
107
399
402
368
224
158
150
241
470
217
362
443
231
362
494
413
223
357
455
63
485
384
97
356
465
140
406
350
35
174
244
150
194
212
302
364
498
121
154
4
51
497
412
55
88
184
473
0
84.3321
432
305
414
223
457
278
114
410
440
338
377
303
341
114
139
280
348
424
454
53
322
468
430
224
462
351
483
264
190
482
231
81
490
193
416
217
305
240
254
87
145
9
172
140
241
133
277
2
0
26.7256
334
150
428
118
341
354
428
370
162
25
366
489
119
65
44
165
60
478
421
473
32
190
73
259
333
338
69
94
380
438
421
249
88
24
336
304
182
28
409
454
170
107
397
317
220
164
225
33
216
32
329
350
68
418
389
410
0
70.8065
222
305
235
103
342
245
297
18
237
338
468
45
399
360
478
486
365
78
213
120
288
133
16
290
87
88
82
207
448
465
178
304
191
110
248
438
66
158
34
96
372
255
230
286
399
318
24
422
0
43.5904
419
346
122
254
51
285
296
364
99
206
145
347
340
231
210
469
381
207
408
275
242
413
357
171
449
184
297
39
496
403
100
191
233
264
147
321
344
349
30
387
438
179
148
392
488
241
0
85.5555
239
258
425
35
181
23
159
468
187
421
492
452
42
282
438
170
467
175
452
424
134
179
220
178
224
46
469
67
375
324
87
370
228
414
238
36
411
408
369
294
39
292
492
147
81
154
488
439
121
0
26.4858
305
162
412
103
128
384
342
26
304
133
248
169
259
364
116
223
240
180
204
407
397
460
119
284
273
18
302
489
418
226
196
355
68
266
166
329
391
372
8
377
294
153
58
158
166
443
94
84
170
316
0
84.5185
391
323
96
315
29
99
98
372
196
442
266
289
257
114
221
243
182
143
215
360
464
483
313
463
216
287
26
242
171
387
322
442
395
127
469
210
20
298
412
122
43
133
202
207
4
168
475
173
217
474
212
443
263
192
43
43
498
0
26.1308
269
194
234
420
486
226
163
410
272
134
251
447
134
53
490
228
228
158
200
56
342
42
111
194
195
176
134
398
168
459
461
177
159
272
311
468
468
460
108
91
231
134
446
121
109
13
111
403
144
21
291
31
413
295
278
179
0
9.7505
116
426
499
122
478
335
84
282
62
366
103
158
21
440
412
83
496
410
178
9
340
377
140
265
33
165
106
307
253
131
11
176
342
440
363
50
464
426
97
59
244
269
266
307
418
318
350
240
457
479
0
11.6754
373
406
88
287
414
2
393
339
47
499
151
192
443
123
26
156
79
374
20
42
127
445
427
53
478
170
193
244
175
314
465
159
262
175
350
483
351
339
402
62
204
356
83
89
187
120
182
47
0
