250
200
86.221
134
30
157
188
44
165
239
139
47
133
23
54
125
106
93
233
11
244
236
207
18
93
249
179
40
177
0
71.8861
141
220
241
230
235
105
152
221
165
107
222
225
159
170
19
250
98
139
241
34
84
70
128
178
125
235
0
51.1317
64
227
65
3
218
132
155
9
131
126
121
224
63
140
199
243
159
140
24
88
17
51
34
80
182
0
90.6784
154
51
141
35
232
197
106
206
18
221
17
98
123
138
177
77
156
63
225
8
93
0
9.7973
88
120
94
213
4
97
19
151
29
22
12
75
217
191
177
158
222
64
76
109
63
58
159
93
0
84.2897
55
206
212
66
217
46
176
106
87
143
172
223
194
215
192
212
150
158
230
18
118
203
0
61.1861
208
21
236
89
199
178
174
249
72
186
69
35
228
128
232
154
159
230
222
109
145
113
0
85.4362
14
126
152
3
57
149
229
157
189
137
14
215
152
201
170
119
113
124
176
141
227
234
0
99.0682
114
32
51
227
12
87
58
150
208
88
209
200
153
189
219
80
39
210
97
165
150
216
142
188
231
0
13.6406
201
81
125
249
38
88
181
57
98
120
168
183
246
14
53
130
152
3
94
236
61
136
203
201
0
69.1546
237
15
199
8
91
81
117
2
186
168
148
173
196
146
119
15
172
153
120
153
88
124
244
83
56
220
216
0
75.7189
103
176
107
197
9
222
198
179
5
119
133
57
115
97
128
81
200
77
232
41
48
220
10
102
52
163
163
5
0
16.8706
151
135
171
27
124
149
132
217
40
102
19
71
100
79
91
28
186
117
64
176
155
131
202
191
158
56
0
61.0957
10
230
50
132
200
133
41
13
240
157
55
32
110
247
104
160
249
4
209
108
7
45
189
168
0
47.4507
237
217
119
161
239
38
5
156
203
127
214
151
88
206
132
246
231
127
220
130
66
89
244
0
96.2319
16
132
177
229
98
171
8
227
86
243
93
68
51
107
224
84
247
162
150
198
174
86
240
195
56
61
122
0
14.283
222
109
184
30
18
206
80
89
71
198
4
105
29
233
238
188
23
46
250
203
169
10
132
92
169
161
14
0
56.7405
75
210
96
176
180
242
111
136
181
40
107
188
9
52
165
155
115
68
132
152
223
43
249
175
109
0
61.2854
210
234
178
28
215
239
183
144
29
100
209
247
2
220
156
29
205
225
66
32
75
61
37
229
100
117
24
199
76
0
40.3777
20
151
227
55
202
218
169
183
120
121
184
196
231
21
141
158
68
244
16
221
116
39
119
0
98.9932
32
228
61
149
168
89
241
48
60
152
114
183
206
90
224
226
247
188
78
108
56
188
96
0
40.766
182
183
77
171
212
146
117
126
131
112
54
227
39
133
197
128
102
183
209
224
44
73
3
44
0
64.8169
155
92
246
249
239
66
31
185
135
145
191
14
185
109
154
153
102
52
137
39
121
196
11
201
67
77
145
30
0
72.2616
196
115
126
78
133
152
36
182
77
68
183
223
55
218
83
171
250
227
115
120
75
70
20
0
69.4217
157
225
118
145
250
96
149
44
35
213
114
32
81
41
31
152
208
50
205
21
128
212
233
130
15
0
58.5889
198
230
123
12
34
142
121
66
166
33
137
60
139
139
80
27
203
34
117
112
3
112
9
114
117
230
233
15
0
15.398
7
227
13
66
3
221
210
19
83
63
160
125
134
28
155
136
222
107
15
199
181
227
26
232
232
60
195
0
9.5389
192
226
190
137
114
172
3
154
190
183
55
165
235
120
226
132
201
246
183
132
58
60
169
16
0
34.1985
241
230
114
19
39
233
94
205
242
123
16
21
54
170
246
236
53
139
110
28
27
44
191
9
54
32
22
91
0
80.487
85
236
235
17
135
17
172
207
108
145
127
74
98
213
223
50
26
153
90
105
55
28
162
246
149
19
163
0
32.7345
177
12
115
191
180
169
51
24
246
36
81
85
34
16
148
170
208
98
59
83
243
184
0
18.2902
112
233
69
215
21
14
223
8
166
175
83
17
131
68
206
103
151
125
84
48
36
175
106
116
84
129
161
231
0
90.0458
184
12
236
29
196
159
33
130
57
115
192
205
106
81
6
247
156
219
159
227
35
177
114
5
9
0
74.484
185
54
111
157
26
56
36
214
13
193
230
136
30
168
2
111
139
68
59
143
233
200
119
245
200
229
71
0
43.3826
215
122
4
14
56
125
82
178
51
30
59
113
150
34
53
229
13
4
90
116
0
33.972
119
66
211
43
166
100
137
236
228
198
107
87
197
162
154
55
140
44
144
197
207
116
106
0
17.2265
201
112
234
12
4
109
129
194
131
122
192
45
130
1
184
185
235
81
219
40
227
165
164
0
73.9884
217
246
249
150
156
4
156
163
238
128
146
163
216
6
183
188
223
80
133
230
237
132
128
147
76
95
0
54.0753
65
49
45
133
202
211
19
19
4
17
171
92
28
56
152
118
115
116
71
97
169
34
217
77
139
0
97.1909
70
217
213
8
68
4
218
170
244
68
141
71
199
164
180
147
205
66
175
214
221
50
130
2
0
23.5842
87
59
10
123
188
182
54
233
136
7
158
28
41
83
232
11
23
45
16
29
81
230
208
224
231
96
0
61.7421
91
55
104
47
69
11
61
75
207
206
126
20
218
33
99
138
105
98
167
6
56
232
244
0
19.7154
2
7
49
95
231
58
4
237
214
103
127
26
76
99
245
236
231
203
231
109
229
207
144
223
157
58
216
90
0
79.8482
90
141
226
151
60
177
65
249
40
38
92
40
52
82
232
228
130
71
103
201
75
135
164
114
52
0
73.4795
174
14
142
190
247
100
117
108
127
132
86
53
108
114
212
215
235
140
242
200
85
242
0
95.3572
219
37
4
156
137
49
84
7
107
89
214
6
54
176
91
153
71
52
13
172
148
126
44
0
86.8002
225
100
114
51
154
163
168
106
116
225
166
4
191
31
119
126
131
58
222
17
167
38
21
224
180
247
186
0
31.3499
147
69
230
217
32
168
118
248
26
33
137
16
40
239
165
102
42
227
36
66
96
33
194
185
133
161
0
41.7681
108
10
129
151
93
9
155
67
151
21
122
51
238
8
12
82
169
8
111
158
35
193
179
129
0
66.62
243
138
44
169
98
186
1
102
195
63
229
130
193
36
169
190
218
207
243
80
177
33
227
85
58
100
0
1.8719
215
222
52
156
76
242
241
27
245
23
195
115
167
184
193
59
203
242
10
174
111
133
48
77
57
218
32
9
0
0.18164
208
201
204
47
128
36
250
30
193
159
107
50
21
13
131
214
1
111
137
6
108
29
190
192
33
0
40.4273
244
168
59
63
96
209
61
90
128
217
74
183
26
236
65
96
138
129
124
177
210
41
150
61
122
145
109
0
67.2895
216
100
67
159
12
203
198
151
223
241
226
190
203
47
246
188
235
233
99
49
123
72
25
133
25
0
80.8975
70
181
190
119
23
104
51
197
74
184
160
201
121
96
78
29
136
30
236
73
4
79
91
250
85
129
239
78
0
1.982
119
13
237
228
109
201
39
213
141
47
234
21
4
19
177
230
170
122
20
233
111
217
125
160
154
210
0
63.1152
93
31
159
31
82
65
141
249
47
82
182
174
2
20
7
124
223
40
128
236
207
191
240
250
0
13.0077
68
27
85
79
206
235
216
54
189
86
50
144
53
177
140
49
55
8
93
143
25
244
74
116
150
50
133
172
0
33.5226
99
163
148
247
238
223
23
202
177
12
3
130
77
123
191
68
215
247
59
148
167
142
138
96
207
99
0
9.1274
110
106
226
7
224
81
231
174
177
32
18
244
185
141
61
75
70
28
146
112
11
84
126
127
46
218
165
17
0
49.6589
181
42
29
99
209
230
2
33
139
246
52
117
174
37
53
111
4
7
2
65
93
59
161
122
175
200
157
184
110
161
0
21.8795
66
219
55
19
30
135
208
74
170
106
51
28
79
103
219
227
157
197
247
36
144
18
131
207
60
221
73
0
72.8282
145
177
1
225
199
244
8
104
9
77
210
104
179
10
52
169
67
179
238
141
139
49
0
65.4087
147
131
95
141
81
27
28
23
146
75
142
142
6
136
105
87
68
203
48
235
207
128
234
235
186
79
9
0
69.9669
92
99
235
61
222
174
189
166
208
177
95
6
137
7
203
214
76
208
20
16
239
14
164
66
105
187
0
8.192
245
60
41
166
16
164
233
145
136
36
36
218
120
227
76
215
68
66
180
91
196
119
84
0
93.8484
47
1
180
98
44
240
147
204
233
62
39
174
136
234
171
108
245
66
65
26
8
0
93.6771
42
236
121
183
199
75
108
221
250
99
101
239
22
144
243
14
130
242
103
147
170
245
147
0
18.7593
181
243
85
73
120
44
214
141
131
62
32
238
94
220
86
48
55
26
68
72
208
204
219
54
189
46
0
26.3216
167
126
107
83
81
48
19
161
165
64
164
166
176
185
146
35
87
85
113
212
0
97.8206
28
9
84
28
119
97
212
232
30
117
58
123
35
34
87
208
232
172
212
214
79
220
141
239
218
154
45
0
98.0004
149
204
77
141
86
223
85
82
246
244
103
218
232
138
80
112
141
230
21
202
76
0
98.6259
57
5
22
73
58
69
227
39
42
127
65
201
101
180
222
44
195
90
65
152
204
120
119
102
174
130
239
175
0
72.9831
242
23
238
207
37
183
195
208
233
132
30
212
86
199
26
18
92
75
187
17
240
153
164
102
0
29.846
116
52
171
231
165
138
102
170
6
58
199
143
200
104
157
66
181
127
52
43
250
74
228
51
7
237
25
0
38.249
124
19
75
41
1
144
220
204
248
139
133
182
245
4
212
98
132
109
127
196
32
243
53
213
194
28
240
123
0
23.1767
201
62
81
164
197
68
89
225
162
134
217
200
29
84
119
77
182
17
112
5
118
112
40
224
0
24.9159
154
150
138
76
218
182
156
146
17
74
70
220
212
247
191
46
164
209
53
94
144
41
94
228
75
189
0
78.312
91
104
148
144
222
160
103
244
182
122
9
28
121
11
110
221
168
30
153
240
158
18
180
0
63.4415
155
171
72
23
64
224
12
97
90
4
1
130
197
138
79
107
250
200
62
66
200
146
228
149
16
0
4.7363
191
114
16
24
41
66
139
4
83
64
74
171
232
48
140
159
157
5
147
209
65
1
239
216
64
35
157
0
65.5338
40
78
37
205
93
111
68
117
22
192
250
12
146
216
121
17
148
202
177
105
147
104
143
49
50
0
76.4028
101
212
108
8
146
125
73
231
86
143
96
2
144
60
43
220
18
58
61
109
165
160
105
94
10
17
103
0
19.6167
174
166
123
177
235
168
109
93
173
139
77
65
174
118
44
119
190
220
54
185
191
181
235
17
62
176
0
98.4869
118
38
180
80
225
237
227
99
224
114
238
21
176
205
129
235
126
181
145
118
46
53
118
122
113
0
95.9793
95
108
55
22
250
43
54
32
109
90
232
126
53
193
138
103
51
178
108
167
94
89
217
164
3
0
53.2444
155
228
229
141
11
134
186
18
111
106
5
224
63
35
194
162
202
33
160
56
69
29
76
40
0
29.4825
146
99
94
1
122
204
245
160
27
243
7
196
183
186
29
47
214
182
13
169
227
49
54
180
0
40.8407
47
197
111
165
240
135
202
247
206
76
92
137
75
205
157
149
92
230
229
54
136
17
80
103
246
187
0
42.9634
91
79
135
6
238
36
139
30
138
241
139
30
6
46
81
35
127
54
15
96
188
119
20
82
0
73.833
87
163
219
41
146
234
125
79
230
172
59
218
144
248
96
146
73
239
227
185
180
43
151
147
168
143
0
91.9842
190
239
224
151
35
80
57
90
82
125
249
198
227
156
177
183
184
141
235
167
15
4
20
202
0
32.2225
63
204
189
148
75
215
130
75
190
101
68
102
31
237
169
153
168
208
107
61
53
166
93
58
2
223
0
97.0911
228
144
34
223
214
124
242
71
145
125
155
14
36
75
173
114
135
41
26
102
231
179
213
130
0
11.8995
208
219
89
101
214
112
71
191
29
216
100
107
36
244
99
95
250
248
214
38
220
39
47
167
236
238
155
0
16.0039
11
48
188
172
231
250
116
118
93
124
224
182
158
1
160
25
100
28
11
173
223
211
228
168
68
0
80.9311
139
195
217
189
127
156
139
148
7
76
233
75
175
177
236
78
24
192
47
8
191
0
14.6654
69
149
162
49
192
199
196
203
163
189
160
223
106
42
239
29
17
66
67
53
21
248
200
194
39
122
0
53.1448
241
138
135
217
30
58
147
36
198
162
72
103
77
50
30
169
224
80
74
121
19
246
194
132
189
0
99.9868
136
103
243
115
114
93
116
140
8
168
163
48
215
194
53
225
80
235
153
189
0
98.5863
189
248
71
87
171
125
158
191
155
98
11
235
241
94
208
177
26
241
181
76
72
241
238
101
0
38.5765
194
25
44
167
209
173
148
52
110
25
66
129
235
5
20
87
68
138
142
68
132
109
149
26
168
142
76
163
66
0
59.589
204
116
195
29
71
217
50
149
191
60
233
223
113
177
176
17
28
73
186
205
196
249
61
189
70
207
88
107
244
0
49.7875
148
233
77
38
53
190
63
13
23
228
37
110
148
197
160
96
24
207
20
230
182
134
159
36
0
39.9536
58
55
232
214
202
106
173
80
246
238
160
106
127
174
216
243
2
10
164
120
109
104
46
73
54
11
165
0
24.6443
73
150
240
110
225
11
179
25
168
56
241
141
61
250
4
223
177
229
13
234
51
155
227
149
122
47
52
0
68.5048
118
125
99
112
241
140
232
39
174
79
143
160
125
11
231
234
239
19
57
85
243
128
92
201
22
138
32
0
84.5042
30
160
60
145
174
100
100
206
73
78
98
23
230
64
121
88
184
77
81
135
100
104
156
0
30.9293
194
33
194
218
181
110
212
218
68
96
230
181
203
161
195
131
11
75
144
232
60
139
164
170
207
0
74.8424
148
214
102
244
230
133
189
200
234
92
186
193
208
61
99
221
135
221
97
112
97
108
42
0
28.5697
58
116
110
157
88
188
230
4
30
8
182
2
161
56
34
129
50
55
49
237
33
3
137
0
70.6545
20
131
213
224
119
105
215
48
219
87
12
87
234
150
12
18
71
73
12
181
90
167
165
240
191
98
0
43.6231
19
168
34
102
183
234
224
135
66
135
50
174
95
83
205
196
126
153
87
173
98
37
208
123
9
0
16.8739
70
65
33
141
47
94
157
5
86
234
194
153
133
229
56
161
50
72
224
71
10
236
58
208
98
182
110
0
83.0408
167
30
98
191
226
187
129
81
216
234
129
3
178
247
218
138
230
229
172
49
143
208
182
0
76.0787
161
138
85
130
144
209
152
123
179
163
58
44
239
119
141
28
28
183
143
232
137
81
234
234
109
117
0
65.877
169
140
66
123
244
205
198
85
159
41
194
176
19
225
242
1
241
100
219
211
246
229
104
75
0
8.6227
205
58
114
42
165
203
67
18
219
25
7
29
8
7
113
115
72
178
30
94
119
229
117
236
221
0
39.6914
215
224
39
219
47
210
131
193
203
227
214
54
148
87
18
216
139
11
40
20
183
194
90
0
84.3271
65
44
5
109
191
48
132
223
81
238
134
2
73
109
106
237
121
157
118
186
53
160
180
0
53.7881
82
81
23
59
246
123
183
91
84
87
180
240
219
121
129
89
140
188
100
126
185
27
75
204
138
248
77
0
80.8195
45
229
165
35
16
128
52
170
75
132
23
210
172
195
226
60
225
193
64
114
92
144
222
217
30
152
93
0
65.1839
132
44
74
193
158
104
218
70
169
243
42
126
199
23
117
182
151
69
96
120
201
111
4
60
196
0
29.8795
191
250
115
108
133
57
29
34
161
159
16
86
240
116
195
124
123
217
49
23
35
184
112
100
99
0
91.62
151
48
126
156
183
104
130
63
228
235
21
115
102
181
90
62
175
194
11
132
31
231
117
25
161
0
17.6678
192
118
15
116
210
154
245
202
82
71
145
145
192
5
95
176
197
41
141
214
231
0
31.732
74
217
3
229
188
244
140
39
24
87
44
128
103
8
243
217
201
185
29
179
177
0
75.5778
37
22
140
150
179
215
192
6
248
102
1
218
187
196
128
157
231
99
63
71
116
100
0
29.8165
78
6
166
98
120
210
227
93
125
166
75
217
137
59
180
123
149
135
27
39
224
213
6
53
155
100
89
0
91.7873
108
17
152
243
76
113
162
41
126
163
9
124
178
160
53
147
126
166
57
73
113
140
126
0
51.9313
9
166
246
139
139
220
8
50
71
201
82
52
126
148
99
183
50
119
130
217
232
226
31
76
200
0
86.9244
58
180
21
26
37
180
178
14
45
90
165
78
21
38
6
190
29
19
171
224
124
16
0
67.2575
70
129
123
180
60
233
137
151
181
2
211
8
150
137
21
198
79
8
0
85.9839
186
127
219
247
78
172
24
87
174
248
146
203
18
169
205
102
73
126
139
44
71
66
237
221
55
238
6
0
98.0541
61
124
249
155
152
236
5
85
234
216
226
188
72
235
201
134
232
235
163
227
207
140
193
217
216
0
0.17856
169
28
249
21
185
97
174
108
32
210
206
84
34
88
229
133
156
167
23
214
221
52
52
61
208
14
31
119
0
66.6852
111
46
62
215
71
47
13
209
132
201
133
119
110
245
20
147
124
80
154
190
5
11
31
183
49
125
203
0
1.9034
94
142
197
109
240
3
74
124
19
55
81
232
166
233
173
106
125
220
173
13
186
93
0
75.0275
161
80
206
168
152
45
242
18
153
228
161
197
217
47
80
11
235
127
219
137
193
127
140
162
113
155
0
23.7884
15
24
102
78
60
235
203
119
66
23
224
208
62
229
99
109
23
60
133
0
51.0456
7
135
136
227
59
245
242
46
220
168
183
175
158
56
188
89
118
60
99
138
17
2
100
43
141
140
7
60
0
44.2055
53
191
204
46
59
104
219
233
123
118
14
225
68
65
140
70
158
169
197
151
27
70
84
159
218
237
151
167
79
233
183
0
82.4363
129
250
29
187
85
80
188
11
172
47
12
74
60
167
244
124
155
141
207
224
84
127
166
0
67.9578
157
174
74
108
129
69
109
43
101
111
65
240
168
51
124
235
194
7
10
48
139
212
189
215
19
0
11.4051
59
97
226
47
157
138
103
75
214
53
199
39
117
223
110
49
122
127
29
181
213
88
211
161
21
17
0
36.9876
170
158
131
179
149
231
140
91
192
54
81
26
144
117
208
191
170
128
97
161
222
31
31
198
167
178
0
34.3872
155
6
241
196
149
125
116
180
55
212
143
12
111
177
29
224
240
73
107
27
139
154
116
163
49
182
27
0
49.2787
150
84
207
2
177
124
53
213
20
204
96
33
190
239
11
149
211
9
66
51
124
129
175
233
0
98.8051
6
82
241
178
48
204
211
81
26
114
124
241
208
190
82
102
159
99
44
183
194
151
5
176
229
102
210
0
90.9073
120
28
109
70
94
226
22
194
68
82
53
44
116
99
207
67
104
38
55
199
46
25
24
199
113
0
98.1932
42
208
242
38
78
37
76
113
233
174
225
47
166
22
217
248
125
235
61
216
187
243
40
119
215
140
124
0
26.6069
216
214
207
49
89
249
224
144
224
23
204
16
10
98
9
210
39
118
196
244
243
191
120
70
69
198
0
84.8197
17
186
138
205
154
19
196
181
214
232
113
48
35
97
87
10
113
234
204
137
142
208
93
110
143
10
150
0
5.0055
160
40
223
58
119
105
201
197
41
193
33
72
9
85
115
47
158
131
5
109
145
167
15
185
193
10
225
123
0
7.4919
159
23
227
125
72
38
99
133
81
88
60
226
79
23
109
20
35
99
71
121
69
51
0
59.3284
239
185
155
115
149
201
121
147
51
194
230
93
204
159
176
91
91
11
76
247
8
121
50
111
118
136
181
221
79
0
36.0185
216
64
177
89
30
246
81
166
78
116
153
52
190
51
78
37
75
12
186
242
177
84
172
130
213
40
12
214
0
70.9513
107
158
166
201
6
180
190
247
231
115
151
129
189
173
130
222
22
96
248
0
88.418
115
21
121
240
94
36
163
247
206
81
181
39
247
16
223
182
34
11
23
190
224
67
131
109
202
0
5.6928
94
230
156
190
51
212
116
67
67
232
1
158
32
127
81
177
121
248
248
156
95
238
97
49
0
98.3241
166
204
247
47
10
180
142
62
49
57
113
193
149
102
143
236
10
242
174
58
183
147
144
80
225
88
195
7
0
66.2635
250
16
168
161
96
96
164
111
161
178
167
209
71
169
212
187
71
59
19
222
230
155
223
6
60
180
17
0
77.7007
29
83
203
195
161
113
127
126
144
165
202
116
86
197
111
163
50
100
238
102
41
128
217
169
62
130
0
85.8054
188
89
197
166
16
54
138
167
46
3
74
237
219
156
228
176
94
191
231
245
122
39
12
36
242
96
0
44.1897
29
94
119
158
189
127
24
24
247
208
95
243
79
209
249
61
65
60
164
223
94
110
171
47
102
0
1.851
102
128
2
28
161
38
63
189
198
249
184
35
59
38
205
100
14
106
112
213
61
122
12
103
93
2
189
37
107
146
237
0
46.1532
149
138
88
26
237
243
195
91
183
199
88
41
225
109
126
188
188
42
102
156
79
65
114
35
104
240
131
54
0
47.7065
96
160
42
234
197
219
185
146
186
19
78
86
231
211
27
144
13
25
125
88
237
211
231
248
69
63
132
173
66
35
247
0
18.4939
185
42
30
152
27
171
202
217
218
129
142
88
114
128
42
225
145
52
122
3
66
107
2
157
87
212
110
0
79.4387
141
172
73
23
71
59
14
25
171
244
126
218
127
3
31
87
69
221
205
77
157
126
34
128
81
98
0
12.764
123
33
148
73
222
92
95
193
32
64
223
35
191
42
135
194
158
31
185
183
236
189
4
17
3
0
28.4461
203
176
74
157
162
138
113
83
27
83
41
6
27
116
13
204
13
175
140
137
162
75
100
149
198
0
12.2417
22
169
57
31
105
147
119
25
23
166
136
228
110
38
218
148
152
225
49
153
193
125
14
178
0
77.5092
170
220
9
227
37
88
237
118
40
248
98
237
169
144
60
230
51
224
103
136
43
201
243
170
60
0
53.9862
76
84
45
101
192
84
132
114
238
207
33
175
240
49
79
37
171
9
248
192
214
37
132
247
61
0
92.9888
70
126
80
89
55
77
84
22
153
242
38
68
45
22
42
80
78
96
50
58
0
6.9186
107
48
169
132
40
166
190
239
44
74
21
13
116
82
39
43
6
222
38
120
29
6
50
85
205
117
0
17.5639
15
3
3
125
12
207
113
16
75
104
108
230
36
174
4
160
66
188
98
82
235
215
70
46
140
0
39.6787
30
240
200
127
145
215
132
53
145
120
86
209
93
106
235
212
140
181
228
188
11
49
73
52
0
80.6154
154
242
30
150
243
196
223
21
187
18
227
221
65
54
213
85
26
237
116
175
20
102
113
156
165
150
183
176
232
0
7.7322
140
44
112
210
3
201
132
27
182
209
102
45
176
18
150
186
124
100
1
161
228
4
247
62
80
15
0
70.8689
40
140
43
182
195
37
245
8
83
203
207
206
29
69
11
196
247
46
45
198
92
77
161
9
127
135
32
169
164
141
0
13.1014
31
187
209
231
240
242
121
2
227
110
88
248
172
131
69
174
180
72
117
15
171
8
0
30.2519
22
159
192
70
128
176
17
55
63
96
12
102
38
186
119
51
212
190
68
153
223
200
111
188
73
73
0
22.4067
121
208
209
56
243
199
162
61
107
193
116
146
28
226
153
199
232
188
204
95
81
67
99
0
60.4443
82
145
122
24
69
190
102
127
182
100
136
19
242
40
228
168
181
81
137
67
146
217
43
119
175
214
122
99
179
116
0
55.9533
36
248
84
237
57
210
98
45
7
108
42
84
121
84
22
200
150
80
1
192
149
77
159
233
0
16.7966
215
190
199
120
84
136
154
201
113
232
157
119
29
215
96
80
160
241
212
93
76
80
49
150
94
77
160
0
93.1536
167
44
130
71
119
240
45
224
103
10
133
54
123
203
249
153
162
147
164
110
245
88
0
5.9106
133
106
26
151
248
53
44
164
24
229
142
150
203
157
219
242
228
136
122
39
153
126
41
0
77.3099
202
167
118
6
150
129
175
10
167
154
191
219
237
9
181
108
62
72
174
248
88
47
125
135
0
18.9636
47
209
197
117
233
7
205
115
38
123
166
158
13
160
216
202
63
25
84
71
111
234
197
86
167
46
55
0
91.4223
240
208
126
158
194
107
222
203
85
148
147
117
243
150
42
116
224
60
145
101
31
32
13
201
54
148
87
0
78.3221
161
173
30
41
39
147
225
190
101
107
71
129
234
137
170
16
226
28
172
32
44
0
34.3456
168
143
69
217
101
96
167
187
29
209
1
112
179
96
153
105
159
102
113
46
105
76
0
76.8191
204
188
16
87
203
139
86
137
64
58
218
249
193
217
132
96
63
196
142
51
38
202
66
0
78.5881
19
220
52
105
16
136
197
37
28
122
217
84
29
58
163
84
185
132
243
218
139
103
228
187
243
0
91.349
70
126
58
153
181
150
75
46
51
32
189
147
72
144
165
99
76
128
61
157
59
213
38
72
217
0
5.8603
63
173
228
61
200
221
90
43
32
215
29
175
128
155
205
224
76
82
112
232
188
63
5
22
244
208
0
12.2963
84
23
98
6
214
15
147
134
174
234
152
234
15
175
249
217
133
165
130
30
159
84
236
237
163
230
143
129
214
4
203
0
