250
300
14.1467
242
225
143
50
84
130
47
143
10
142
175
225
114
4
174
177
250
163
23
149
193
145
100
91
3
114
192
0
63.3732
111
62
53
110
164
33
1
103
222
170
145
6
86
234
178
90
159
94
233
113
27
86
232
0
79.7395
26
11
68
79
131
76
162
54
53
199
68
94
236
133
57
207
1
42
16
136
113
82
0
43.5757
49
247
172
136
17
220
233
183
175
77
221
92
19
183
212
27
184
180
141
67
183
31
0
54.3828
103
23
55
150
30
143
178
146
121
177
94
95
30
95
93
195
186
114
169
57
157
199
0
81.5683
79
22
52
123
1
134
53
57
156
145
166
211
221
40
79
24
64
236
146
157
65
62
0
22.7267
152
246
2
64
106
204
147
135
87
145
25
154
131
63
20
47
195
163
94
142
114
56
90
64
64
178
0
40.1731
63
40
132
122
17
240
101
173
171
94
4
116
113
91
12
235
131
104
103
65
242
158
194
120
132
64
74
38
192
151
0
43.3242
124
107
18
70
21
31
77
72
18
242
11
34
3
243
67
198
211
98
95
200
203
239
239
34
0
14.7541
56
212
168
33
107
121
228
83
80
182
237
191
8
246
125
143
214
69
204
68
4
232
68
45
198
0
2.9833
67
228
155
2
144
171
174
179
163
106
186
49
144
22
176
151
36
60
224
168
249
211
231
186
6
208
30
56
0
65.4377
192
78
56
38
16
164
69
207
25
12
16
181
125
8
226
197
26
225
79
82
211
150
50
88
0
39.6679
153
209
212
8
197
200
29
143
49
80
179
164
63
166
66
241
173
33
121
225
0
66.3431
79
13
204
36
185
154
182
236
51
187
143
79
59
22
142
170
225
245
82
110
21
52
248
43
20
95
208
247
0
68.1278
24
187
151
218
201
6
159
223
10
20
48
41
116
114
116
185
238
32
163
2
169
179
154
30
178
0
92.9977
81
72
221
245
237
46
232
39
155
195
148
227
226
57
79
118
163
122
169
196
227
40
157
6
249
169
91
0
69.0734
152
185
34
29
14
75
26
106
170
77
152
69
202
249
89
66
162
162
86
195
129
202
107
79
0
29.144
50
51
192
135
136
188
181
46
26
41
15
88
225
58
51
179
96
223
94
190
18
54
16
22
167
114
0
87.2608
142
97
7
73
40
54
94
111
207
87
167
242
137
34
247
229
4
219
26
14
211
200
6
9
0
19.4458
99
118
246
159
170
71
141
216
215
224
7
14
237
139
50
80
45
179
219
73
10
49
173
63
214
74
159
0
10.7192
236
121
136
116
154
204
247
230
209
142
79
10
203
70
47
182
7
105
37
156
19
5
190
0
87.1043
22
38
136
153
245
203
188
242
156
206
1
78
163
180
76
155
231
223
111
93
152
224
16
172
187
225
118
106
0
87.0108
209
192
16
186
139
112
100
244
154
44
249
200
56
57
186
7
111
30
174
152
67
88
58
0
5.584
220
173
69
37
83
69
192
49
187
216
236
215
196
117
63
197
29
141
199
141
0
87.9126
37
197
64
61
3
202
66
135
81
3
110
217
15
32
128
3
76
99
153
249
48
153
145
0
50.143
148
74
108
85
17
81
145
7
227
189
32
211
43
136
80
4
161
220
60
109
94
59
156
226
209
0
65.2355
58
82
6
154
5
55
19
53
153
81
185
111
78
112
201
239
134
14
231
42
224
96
147
130
138
0
47.2156
148
88
145
244
2
109
129
181
52
235
131
108
162
197
242
150
28
247
126
91
98
148
157
36
117
0
36.2312
114
145
168
50
236
23
37
67
241
131
77
162
187
118
247
73
210
157
239
230
220
213
82
158
222
0
73.7636
186
185
129
76
150
113
237
34
169
132
151
50
203
165
196
108
14
196
69
218
53
240
248
173
28
0
24.9719
42
79
123
72
130
197
190
195
149
217
48
1
146
196
26
239
32
120
164
210
221
22
231
250
97
137
0
84.5897
176
122
56
58
213
83
168
195
56
113
11
128
8
125
42
177
228
82
249
46
11
216
99
27
180
103
35
149
0
90.0495
107
211
125
179
134
47
245
212
230
30
98
244
68
142
57
131
6
155
75
3
243
52
8
152
28
216
0
76.7334
200
165
192
228
233
161
226
80
44
86
240
127
8
4
248
227
247
60
78
43
214
119
0
60.4918
88
168
247
52
121
169
43
54
160
14
135
18
158
54
189
19
1
53
203
50
47
200
5
0
34.44
43
70
88
176
38
46
67
60
2
120
221
20
34
9
208
117
75
70
43
102
172
22
37
228
123
188
207
33
169
142
0
34.9582
208
23
14
60
100
6
78
139
48
34
27
72
141
64
14
119
198
38
83
9
175
110
78
95
11
148
181
0
35.1986
250
97
18
45
201
82
17
225
74
44
74
130
17
161
54
77
97
215
49
0
43.8206
235
112
199
182
90
101
142
58
10
179
86
245
173
82
102
161
73
210
205
171
37
105
31
0
80.5985
35
13
24
184
58
179
112
136
58
67
232
226
161
29
121
244
94
39
18
208
89
95
107
129
158
74
134
69
42
0
99.3751
205
103
188
247
115
196
23
193
155
218
88
218
218
165
114
175
4
200
34
45
135
57
241
69
13
0
52.0525
80
191
143
198
176
49
93
238
198
71
152
85
154
140
44
107
150
250
32
84
144
0
84.1476
68
87
202
103
231
182
154
17
147
4
24
62
17
59
7
15
198
16
83
151
4
250
239
25
0
42.5925
224
136
125
65
156
70
47
114
34
127
191
237
59
163
224
48
84
181
242
11
168
179
239
191
0
33.7089
26
184
23
40
133
199
239
152
232
77
242
188
199
58
82
173
1
222
123
242
60
49
84
240
229
59
174
0
66.5999
108
127
188
154
216
61
5
75
99
117
142
208
193
34
240
175
23
25
196
200
191
238
78
0
28.6508
39
216
79
37
134
246
160
249
104
45
145
80
242
106
206
116
47
20
238
232
59
187
228
163
127
84
0
86.1845
137
66
94
139
228
101
165
206
48
6
187
46
93
162
197
198
53
213
42
132
167
59
167
0
16.6228
26
148
163
73
156
105
3
30
28
6
63
240
27
102
110
231
101
161
213
177
198
108
97
95
204
157
0
12.7786
31
214
68
238
190
148
173
135
45
136
7
194
231
31
30
159
10
8
65
86
247
51
107
0
46.1779
225
215
59
17
144
161
185
234
145
204
14
138
179
207
12
24
195
233
129
218
11
89
214
87
53
36
56
218
0
66.8846
41
239
58
207
88
151
74
55
2
39
158
17
235
121
94
51
78
42
91
43
13
179
238
142
240
32
194
151
177
0
32.6233
53
221
119
58
1
82
93
219
72
19
224
208
120
241
183
226
85
22
71
246
214
118
30
38
216
86
0
9.7519
143
165
25
161
38
14
128
222
170
189
70
71
15
24
13
108
51
202
170
65
246
50
31
208
12
118
54
0
34.1296
105
99
244
238
71
217
113
161
133
190
175
214
108
238
159
168
48
202
158
47
92
5
13
88
98
45
0
76.5104
188
186
178
221
226
152
6
138
204
132
242
119
4
220
104
45
125
119
246
215
189
59
0
30.5332
142
48
84
5
131
155
155
24
58
183
66
228
182
234
13
31
249
159
56
78
228
70
0
4.0594
60
81
192
216
58
219
148
151
106
224
147
166
43
148
177
147
45
224
184
187
165
113
80
115
42
22
0
96.0736
47
25
142
195
218
150
70
223
26
88
99
141
34
214
96
154
84
153
245
6
84
113
86
204
208
19
21
0
72.8166
221
197
4
73
123
110
241
120
218
232
78
116
212
178
224
207
203
65
137
184
229
199
169
241
213
232
171
192
0
53.2241
208
128
42
177
172
64
21
5
239
105
176
51
220
56
211
225
23
110
87
185
201
147
37
65
184
206
0
15.1721
179
158
120
200
15
216
68
5
13
238
42
170
174
84
21
87
1
236
222
147
49
56
195
3
49
0
75.6098
90
209
62
109
78
164
182
182
129
80
192
97
75
115
184
242
189
160
76
83
198
202
244
40
11
26
10
46
0
10.4909
83
133
191
38
76
79
67
96
241
156
160
34
148
68
100
47
15
97
137
163
152
119
115
136
0
98.9537
229
32
27
232
31
224
53
67
29
200
108
166
170
8
117
147
90
167
15
184
111
161
105
54
235
82
40
196
0
78.0781
146
66
245
115
190
63
110
112
155
66
101
212
193
82
94
83
74
244
175
215
160
140
85
84
142
53
0
30.3539
166
83
213
76
114
163
5
198
159
196
116
109
3
14
216
219
23
40
146
188
87
150
219
229
9
0
50.8485
79
244
45
98
119
143
20
226
145
168
220
75
47
64
60
232
2
9
137
241
21
40
101
209
197
13
215
67
0
61.6517
46
5
189
89
61
163
8
205
141
185
33
104
127
170
55
132
140
162
40
45
196
164
235
71
176
0
47.0873
61
59
137
61
228
109
111
42
85
239
6
50
123
93
160
1
28
195
173
213
234
237
92
128
96
105
164
0
52.9182
33
28
187
186
95
164
3
232
4
230
239
206
153
200
202
61
75
139
220
7
206
98
13
47
206
51
25
116
76
87
136
0
90.0402
121
230
162
172
29
79
145
243
48
227
27
84
15
230
228
178
239
203
20
166
103
192
81
112
133
26
21
101
71
0
67.1607
39
235
67
145
36
78
216
169
248
113
42
4
191
236
219
93
13
153
59
51
35
15
121
106
61
157
0
17.34
150
218
64
125
143
39
235
173
85
169
156
134
56
37
159
106
13
243
58
180
14
201
201
142
202
0
39.6685
100
87
101
165
168
102
56
239
149
20
53
71
130
227
240
243
228
35
135
93
204
24
49
112
58
28
0
44.8893
140
190
48
110
168
167
240
167
36
6
210
135
123
192
24
249
92
95
249
186
51
101
84
5
0
69.7176
138
60
35
94
43
78
133
5
187
17
235
216
164
153
126
165
22
19
81
232
75
112
167
43
98
0
65.3931
8
42
155
209
23
7
224
57
205
122
205
120
148
136
157
46
168
180
38
108
45
244
112
98
70
37
0
35.7265
159
104
75
48
33
230
29
113
32
242
169
21
181
71
165
57
154
40
161
172
16
123
93
224
99
0
65.0778
230
97
195
174
39
229
163
179
42
203
223
171
82
27
43
45
227
143
166
148
44
10
183
144
29
0
46.6521
82
3
16
58
115
66
50
101
26
101
13
183
240
250
29
203
177
28
198
203
109
33
195
203
50
0
29.1337
220
32
88
47
59
233
179
101
143
195
185
213
104
102
137
33
201
244
24
247
33
242
195
247
50
93
203
210
148
0
42.4745
197
187
224
136
190
49
103
131
201
128
97
25
35
211
224
145
188
232
98
250
29
217
184
138
0
46.8359
241
61
15
120
125
24
3
223
205
165
233
72
82
73
72
47
142
46
5
204
141
137
222
89
181
0
13.6455
232
170
104
76
219
242
217
190
55
176
214
249
148
58
125
79
13
39
161
48
18
165
157
72
189
171
131
0
4.678
243
140
138
120
137
188
228
103
201
158
90
130
95
7
71
165
59
61
129
175
178
5
26
153
132
63
170
0
2.6799
43
231
233
65
115
115
101
183
149
192
107
181
233
227
139
4
184
201
102
225
207
130
216
137
0
44.6016
197
66
66
188
195
43
183
87
201
3
225
180
72
132
10
203
136
30
149
22
91
82
212
127
205
0
63.8313
185
214
224
171
129
224
62
234
230
173
28
245
137
243
199
26
27
87
72
173
126
233
55
213
23
16
94
158
32
60
106
0
95.4059
14
24
62
171
46
148
100
32
147
81
4
1
117
34
96
70
132
206
206
137
34
239
34
210
0
86.7953
175
13
53
239
123
103
89
94
101
137
247
11
130
148
58
128
53
108
73
79
109
192
0
88.3868
133
227
72
31
57
231
248
13
152
7
52
155
12
24
63
201
112
13
1
60
103
210
96
64
1
0
58.0759
198
76
28
101
246
33
59
68
42
34
79
128
143
127
40
79
25
91
115
94
176
13
143
36
3
189
164
0
36.8123
178
104
98
231
88
187
172
231
214
59
171
122
111
34
210
137
207
226
36
227
85
5
89
236
209
36
0
40.8795
78
210
212
78
130
229
103
98
249
228
170
74
25
185
158
127
50
52
235
143
34
168
159
0
9.4136
158
115
120
193
46
222
166
42
131
73
220
1
164
246
239
239
131
11
55
12
25
152
174
73
0
84.9138
14
3
234
162
126
13
77
129
202
174
205
24
185
75
83
56
137
41
97
222
83
0
37.4134
187
117
201
192
75
43
170
118
17
200
113
42
89
139
44
194
164
60
83
85
172
170
51
127
38
81
192
60
0
52.7326
193
90
243
181
46
91
235
135
69
106
171
75
196
156
88
108
157
237
172
218
10
205
227
58
60
0
58.1043
133
169
199
104
52
111
175
192
29
236
16
139
246
44
40
203
186
115
120
113
76
214
71
119
0
13.1615
190
102
94
144
19
27
241
246
44
185
196
217
248
209
27
10
105
134
85
113
195
168
1
232
59
0
74.45
89
18
184
44
85
18
225
83
34
173
80
39
197
198
1
42
24
92
189
20
178
191
83
186
6
0
8.5047
154
200
182
20
47
5
106
192
46
237
106
94
198
46
231
168
125
71
45
241
67
8
79
33
0
41.3202
218
33
173
223
144
121
97
234
170
4
8
86
81
214
169
22
209
239
211
235
104
227
157
218
23
104
197
0
89.9309
24
181
223
53
191
24
235
234
52
33
134
170
148
26
3
203
148
6
219
189
29
45
170
119
0
18.6674
79
111
214
130
207
87
185
164
32
44
87
218
100
230
98
238
114
37
160
245
21
102
29
204
239
0
45.2782
214
147
236
94
47
15
132
9
94
202
65
20
163
203
121
43
143
212
154
172
170
2
22
40
83
166
68
0
73.3232
85
112
48
25
212
122
140
216
235
76
100
242
165
96
14
204
155
51
159
246
70
26
203
0
30.5496
201
222
105
113
44
86
214
50
101
153
148
110
74
19
122
78
8
218
111
130
160
42
44
0
26.3744
174
133
112
64
30
54
108
164
27
237
67
198
229
199
62
237
103
184
185
155
216
67
210
247
210
66
0
24.8567
4
162
223
147
221
197
106
94
12
139
139
31
50
58
42
174
169
40
236
26
147
242
164
245
164
0
38.3355
52
175
220
26
228
224
22
169
11
137
235
70
64
226
86
4
35
175
37
75
1
30
197
59
0
95.1315
162
48
109
69
227
61
240
195
143
97
139
83
40
127
109
242
197
69
150
154
0
83.3263
98
81
228
147
22
84
93
190
144
139
3
11
98
160
5
194
231
43
98
80
110
189
111
82
11
235
0
82.6311
111
77
171
112
209
216
238
63
109
241
54
109
95
111
167
150
157
11
241
66
222
208
79
190
0
84.521
192
196
73
239
52
232
227
172
198
13
17
75
51
243
70
185
40
211
67
110
80
172
114
68
227
92
174
35
4
0
88.2651
198
250
134
199
225
226
236
89
175
211
34
60
90
37
69
53
154
78
146
104
111
203
22
163
2
0
62.6547
210
140
28
93
73
212
233
124
101
14
236
235
154
3
98
169
21
2
180
109
244
140
77
128
204
91
0
0.79987
166
185
134
187
245
147
158
22
95
14
241
95
180
157
99
158
199
88
123
102
242
160
133
86
41
0
53.1102
103
58
222
43
135
43
242
10
98
93
151
194
198
38
20
94
140
209
213
57
100
166
199
44
209
0
82.8216
108
184
220
14
48
168
211
141
182
55
48
75
204
61
29
141
58
244
14
180
163
114
144
145
0
22.908
21
74
153
18
143
156
243
248
86
239
50
73
97
243
220
162
8
170
229
116
133
216
176
199
57
3
128
204
115
247
0
9.6802
49
21
43
183
118
71
164
103
161
106
41
89
45
49
177
143
214
54
165
1
163
34
42
168
188
156
0
31.0746
123
105
3
32
191
238
227
129
84
37
74
219
30
209
241
205
114
225
240
114
111
143
161
69
8
183
240
5
0
52.4507
95
36
99
89
132
180
222
58
174
181
247
247
88
29
30
113
161
171
173
9
0
86.0489
82
72
99
10
16
193
74
162
89
229
86
205
67
159
178
19
218
68
195
139
210
83
125
131
0
20.3045
173
77
50
201
68
19
78
126
106
71
245
34
211
249
203
124
125
5
140
157
21
87
134
211
83
227
105
0
7.0944
244
56
63
1
53
119
80
179
1
178
42
207
182
241
62
68
47
122
119
50
18
155
134
159
0
1.0524
58
169
169
224
49
239
32
68
25
229
158
128
88
9
133
169
132
202
168
145
89
172
231
127
162
218
0
40.068
229
176
103
57
10
204
13
194
64
133
176
12
214
232
210
112
162
122
227
117
32
120
49
81
228
49
0
8.005
33
224
50
91
190
174
193
3
52
165
167
120
126
38
250
40
95
229
145
233
198
224
0
25.2447
103
75
48
220
133
69
89
59
61
181
249
116
87
123
122
49
122
122
199
51
117
17
197
136
125
0
13.3011
180
11
92
45
201
68
229
27
27
80
109
132
116
113
239
20
14
185
162
244
26
171
136
192
196
0
30.977
203
231
18
10
183
138
183
145
154
224
65
184
126
174
138
118
145
200
215
153
174
49
129
160
72
0
55.5399
246
170
76
238
223
57
6
129
73
63
245
54
215
186
89
154
128
179
3
101
103
137
126
29
218
0
66.5635
248
164
204
40
164
26
219
120
136
87
169
101
60
70
208
28
180
184
47
150
199
28
214
61
0
18.8569
113
28
182
213
213
192
134
35
55
66
222
152
221
134
169
136
178
246
156
133
234
173
154
173
215
161
235
207
0
66.1934
53
233
7
60
147
218
118
134
65
18
126
173
229
147
48
172
3
31
46
135
33
28
121
3
139
0
69.8833
20
152
228
64
200
119
57
198
170
128
72
75
9
42
169
238
74
149
90
164
15
20
214
108
34
146
18
205
0
9.655
23
191
52
52
32
109
142
209
70
172
66
54
99
73
110
23
68
104
118
90
180
47
189
114
191
123
69
77
0
63.1698
183
93
88
88
226
221
46
200
52
27
137
141
240
90
142
101
14
210
117
168
45
67
139
131
192
221
160
65
0
48.1119
221
230
37
80
239
144
73
141
204
189
42
152
200
128
69
128
230
76
188
2
239
11
101
238
0
97.9938
228
77
209
8
172
159
44
241
140
236
55
128
30
166
215
154
229
134
4
217
175
92
146
12
237
170
133
148
0
41.8855
211
79
179
133
125
22
162
47
73
218
150
39
116
57
11
104
72
19
10
118
144
49
172
3
0
15.9274
114
66
99
234
40
185
201
240
44
239
70
72
115
25
74
60
148
182
149
100
49
42
70
69
65
229
248
0
23.8742
93
114
64
59
158
128
17
65
172
45
91
130
115
167
188
127
54
79
243
187
34
219
189
121
161
122
123
0
26.9437
220
211
67
153
14
215
4
55
167
154
112
72
67
60
213
100
77
94
127
18
159
62
164
44
0
17.4634
137
93
178
179
175
49
177
125
200
146
43
117
77
26
145
122
210
174
120
211
235
70
181
152
196
0
15.2807
90
28
65
133
97
116
104
205
45
124
63
151
182
153
222
195
32
123
13
134
85
150
52
36
85
87
0
83.3179
183
207
136
235
84
34
225
150
233
77
103
89
106
69
111
186
207
75
158
161
209
47
69
12
50
0
22.1072
164
106
22
145
156
228
105
84
153
123
217
145
193
69
77
93
11
172
208
26
126
0
29.0017
43
41
151
223
80
188
238
170
151
234
104
65
74
120
50
36
211
69
184
81
213
159
168
45
128
171
90
0
19.3273
122
63
138
89
195
16
226
239
151
69
155
54
45
231
237
233
128
101
141
23
12
90
210
59
0
8.4345
146
138
170
109
35
134
225
236
187
115
29
51
4
79
218
175
9
83
117
119
216
26
0
80.6553
118
56
170
18
142
190
234
54
26
184
200
10
65
71
91
13
233
249
26
192
7
176
106
41
0
61.3689
22
155
140
40
52
139
156
111
184
148
156
95
148
127
221
76
55
131
147
38
105
242
174
146
71
6
0
76.1632
174
103
99
169
6
88
74
13
156
198
20
247
199
81
51
52
124
122
118
199
60
100
50
149
125
0
0.23646
19
165
54
148
229
54
142
165
55
79
70
159
182
217
111
79
91
196
57
106
221
126
203
78
177
119
32
13
6
0
13.8206
249
112
110
159
113
28
209
31
200
105
92
209
103
53
214
115
135
122
100
97
77
240
221
163
182
0
48.7469
50
105
183
92
216
214
42
190
194
88
245
183
117
37
220
172
6
199
42
197
92
50
0
98.2277
210
40
194
82
109
192
132
146
9
193
58
177
132
47
231
246
227
26
54
87
87
177
241
106
210
27
26
124
180
223
0
83.5738
142
221
94
26
127
107
230
216
197
127
94
33
139
44
174
244
11
45
242
112
163
68
0
88.2482
243
184
234
142
116
249
168
32
25
55
113
50
152
240
98
144
113
198
139
48
224
85
183
0
76.0415
168
33
194
39
176
55
210
137
86
245
82
107
32
80
89
193
76
228
71
140
223
14
30
190
72
227
6
0
89.6841
123
208
5
158
152
39
10
101
115
166
71
134
153
55
210
90
215
181
241
234
244
75
19
0
74.2637
49
148
207
66
217
26
19
247
39
182
76
171
87
66
170
16
236
59
11
174
104
104
159
57
0
92.5452
116
146
241
132
150
32
173
121
8
77
106
187
1
214
171
126
44
30
217
61
12
41
190
235
43
6
0
12.1441
238
131
64
130
240
231
217
230
189
141
146
225
194
30
235
246
11
216
45
46
130
87
227
68
171
167
183
86
202
184
0
38.3958
188
63
82
218
48
160
26
198
185
27
218
32
154
48
31
142
27
175
130
141
195
231
33
12
29
0
32.7326
187
3
172
193
234
76
129
181
132
169
122
78
136
185
93
135
186
187
73
229
26
16
206
179
2
239
15
0
37.2292
235
189
80
204
148
161
235
132
226
228
184
11
138
51
87
154
194
202
135
164
237
154
118
103
185
89
242
215
181
0
93.5872
102
83
240
119
218
21
199
18
51
16
137
201
78
139
200
62
166
131
143
229
94
179
192
173
35
96
32
64
0
60.9974
1
94
66
148
164
50
26
214
27
164
57
180
51
174
212
201
121
141
166
142
1
58
136
0
20.576
250
216
148
217
183
110
175
52
12
158
174
71
84
23
60
223
38
30
175
215
195
6
109
0
60.0437
97
179
82
250
17
96
63
61
13
189
239
106
79
122
84
89
1
194
242
8
233
173
14
196
189
0
46.5227
185
185
211
239
52
77
194
81
248
46
82
182
17
139
7
220
241
243
91
165
249
11
186
249
178
243
122
49
0
51.3046
149
108
211
218
211
10
61
44
250
45
38
162
127
67
110
167
147
248
208
22
150
6
36
233
0
66.3448
153
205
55
54
240
13
177
174
45
15
80
159
147
5
53
1
177
18
175
134
157
100
119
87
62
54
0
98.2003
172
139
207
80
12
178
102
43
200
196
216
208
233
214
187
157
185
248
18
213
169
235
127
236
146
149
145
243
0
1.5362
78
179
72
115
153
239
19
154
163
22
193
189
76
210
112
26
82
16
108
122
117
211
212
37
0
52.7569
19
52
53
168
88
82
18
212
199
22
213
125
87
18
119
218
126
53
11
198
125
56
142
151
210
0
95.805
213
229
35
22
142
107
65
200
131
214
228
42
64
38
122
61
238
247
189
101
63
247
222
218
141
18
25
122
218
0
6.433
80
48
69
61
242
174
103
207
193
25
225
70
161
64
233
12
152
226
62
51
210
199
0
33.0302
41
41
222
170
82
109
99
238
230
180
115
125
124
249
40
44
249
181
117
243
116
171
22
69
127
228
180
70
0
95.3942
150
147
23
38
22
207
109
97
126
196
41
127
101
121
67
195
12
21
113
127
116
10
184
5
15
193
224
0
55.892
194
199
31
53
14
87
163
59
178
34
223
31
233
152
4
137
57
215
238
12
17
22
208
32
0
64.1218
47
199
100
236
99
164
113
131
124
20
99
95
221
177
13
38
182
247
136
14
57
92
140
204
0
58.9923
222
106
164
3
235
199
10
239
100
216
57
244
107
161
14
121
124
98
74
99
197
28
70
32
0
84.0446
173
209
49
3
11
182
147
55
69
125
249
207
204
58
177
94
19
45
78
221
125
67
78
209
220
99
0
31.6132
23
161
121
170
162
2
205
151
154
189
133
216
128
47
59
244
24
193
193
121
207
106
143
125
52
0
20.9552
177
39
225
229
39
4
32
184
227
62
65
2
93
201
160
202
189
179
128
167
44
137
130
58
165
0
27.7571
36
69
74
131
28
94
95
112
200
225
158
77
155
68
107
115
45
166
181
16
120
89
236
89
129
193
101
0
54.0556
113
146
112
25
66
203
101
56
101
22
220
199
105
23
34
171
197
205
47
52
109
246
115
18
94
203
0
98.9147
150
178
14
177
136
89
100
145
63
111
30
157
241
240
177
166
194
109
135
5
177
72
202
0
86.3528
18
158
106
246
233
23
104
100
155
85
190
221
46
9
172
90
177
190
122
31
175
78
236
114
0
15.8693
118
208
160
91
57
139
243
161
77
14
238
13
89
172
44
73
166
212
117
49
238
200
43
32
231
10
47
64
0
10.3805
39
19
76
86
191
3
71
96
22
124
37
152
150
91
144
178
125
55
205
159
94
41
45
127
30
0
78.9533
61
45
80
87
205
91
179
14
50
214
30
140
26
182
6
12
99
60
21
239
28
129
175
120
0
1.9484
68
5
151
174
61
236
174
249
100
121
80
229
112
122
105
98
14
206
126
37
183
214
232
15
9
146
64
0
28.9448
247
229
165
203
9
61
97
71
125
176
175
1
242
159
65
246
191
80
139
243
154
101
158
173
170
196
0
36.312
186
111
186
92
53
6
176
195
74
250
5
132
156
74
198
125
220
14
29
172
116
154
78
89
185
23
68
68
0
13.2931
68
141
86
225
250
83
114
230
124
207
114
51
62
143
49
31
135
71
169
200
213
10
0
33.1499
195
7
211
96
35
144
65
195
63
233
234
35
167
33
206
166
210
4
51
169
41
198
131
55
234
46
57
1
0
72.3427
17
231
201
193
48
213
157
218
9
163
133
80
38
46
68
56
181
174
137
201
32
0
1.0136
128
221
89
31
160
232
74
236
242
202
112
88
197
234
184
204
74
38
210
30
144
220
48
72
46
214
0
44.0143
77
13
113
42
101
207
197
202
3
243
46
153
158
230
230
20
232
82
65
35
42
6
124
177
8
158
0
69.0488
234
4
41
208
58
153
209
140
244
196
148
241
142
154
192
212
173
164
84
41
12
97
11
19
170
3
126
0
33.111
203
198
211
124
242
77
180
218
117
124
210
152
222
176
79
113
16
139
8
145
171
245
89
1
119
79
66
68
0
14.8151
138
234
91
129
231
180
241
45
244
90
45
129
44
120
50
77
62
11
62
244
80
126
210
41
58
168
197
216
0
3.8545
217
105
178
73
241
150
67
6
30
69
183
140
228
235
55
178
207
77
145
52
124
43
73
101
0
78.9261
70
124
58
87
3
51
34
8
160
46
85
62
234
52
77
206
192
49
64
68
0
67.533
119
235
26
140
227
83
194
27
203
148
87
205
18
187
229
125
171
145
225
184
234
31
0
15.0871
221
155
186
184
91
33
204
28
143
190
146
106
104
148
65
249
110
159
144
206
17
236
205
233
97
0
69.9029
62
45
79
28
202
159
101
7
195
51
107
43
65
218
92
223
214
30
219
199
15
13
216
92
0
83.8065
138
109
150
23
68
198
188
187
211
154
181
45
14
140
193
143
63
35
81
183
121
222
210
215
164
185
121
35
212
0
20.0034
21
125
24
227
190
204
93
63
229
79
158
172
208
189
71
230
41
196
12
204
230
145
240
247
0
57.2181
17
52
116
9
181
88
232
172
145
164
31
62
54
187
149
243
244
25
233
13
79
160
106
123
124
45
110
45
0
1.6191
33
54
102
30
208
71
50
235
229
61
13
215
129
180
18
95
150
59
139
189
249
35
242
190
164
0
48.3138
141
209
39
154
191
221
35
205
39
123
217
84
41
186
243
89
108
196
63
226
126
233
0
4.8776
4
141
43
130
216
183
204
83
94
88
87
81
88
191
78
211
109
34
193
224
55
134
95
67
169
164
159
173
0
87.0281
171
5
193
10
221
211
69
32
19
195
215
112
57
75
236
108
79
193
197
210
169
72
0
65.5316
140
185
197
42
232
203
187
101
190
240
58
178
107
158
39
117
203
10
244
140
233
168
10
29
0
59.3625
64
18
51
46
128
86
57
57
181
103
10
70
218
247
172
144
70
9
3
93
46
75
62
51
55
0
45.8889
215
82
56
157
96
110
201
129
1
177
210
116
55
205
169
18
55
117
237
176
112
101
181
8
133
167
215
0
68.0611
21
155
40
192
152
39
48
120
80
85
165
105
91
217
210
234
189
198
42
76
83
93
163
76
196
186
89
25
226
0
3.3905
107
212
39
26
127
202
184
125
123
224
110
193
69
107
87
57
158
199
24
10
17
167
111
239
232
28
0
7.6878
134
17
71
211
182
54
231
206
208
204
227
183
150
197
101
195
41
179
227
11
186
144
206
0
2.7745
65
162
102
100
30
228
194
148
62
9
217
13
229
146
74
212
237
239
40
62
0
12.8926
215
132
98
164
16
246
17
234
88
199
46
180
138
172
152
92
67
3
206
200
29
189
250
160
0
99.9246
146
135
248
135
48
121
116
44
214
87
81
245
118
247
130
100
178
127
194
143
106
42
73
118
133
79
0
47.9302
74
126
72
209
154
4
2
121
242
25
244
133
153
49
198
6
35
20
181
19
170
38
170
5
9
179
231
4
244
0
93.6415
84
9
15
136
231
6
5
227
163
91
123
153
80
132
151
7
26
27
35
213
187
0
58.0023
207
72
111
192
249
166
172
248
183
64
121
27
193
208
221
119
80
107
57
121
46
52
0
72.8324
57
197
46
128
126
44
241
8
1
21
5
183
115
165
124
38
220
74
219
129
103
194
160
0
76.8194
223
71
151
195
101
126
97
200
88
52
93
127
192
59
158
118
13
141
163
170
244
68
158
6
204
139
0
97.6822
47
75
129
217
136
74
90
60
216
24
86
68
181
223
173
104
12
186
86
103
127
199
31
3
16
0
73.5357
181
169
37
172
109
157
64
12
180
46
155
53
61
231
129
56
59
247
39
68
214
170
0
76.469
18
4
241
10
185
187
16
188
217
71
4
95
194
21
192
63
152
249
186
57
237
134
101
122
71
26
0
95.8282
219
133
176
134
164
194
12
62
222
1
87
29
40
17
78
48
101
79
132
214
175
242
137
0
7.7875
121
2
175
202
173
73
34
135
149
124
27
113
64
242
97
72
189
196
214
133
168
176
180
243
106
127
188
0
79.2274
170
51
167
47
154
202
78
107
7
60
6
153
201
82
228
93
134
112
206
29
102
132
78
63
103
0
44.249
149
43
95
141
90
235
222
4
124
109
105
115
197
93
94
125
12
180
63
195
144
78
16
82
14
20
0
83.9015
246
193
132
64
110
156
214
71
101
54
220
144
23
70
94
208
97
135
83
9
112
168
92
224
206
127
240
121
206
0
87.2877
209
50
144
32
201
129
50
16
142
45
50
107
219
87
23
197
170
204
109
8
154
0
25.9663
79
245
248
112
154
22
125
143
204
62
233
220
162
30
41
245
133
36
199
54
156
138
24
56
33
0
68.1634
41
81
85
129
13
215
220
97
60
72
125
95
195
135
189
101
185
66
79
67
58
116
244
0
91.7439
234
202
14
69
126
18
203
225
176
181
33
45
60
241
242
90
52
210
160
244
195
120
250
224
42
98
34
0
49.7094
153
81
222
159
100
49
144
209
14
227
9
150
8
169
200
55
76
106
194
78
189
125
48
115
184
117
0
38.8485
231
61
197
186
97
238
84
107
77
19
102
241
46
15
29
207
213
180
197
18
229
203
207
111
51
177
216
0
86.2844
248
195
76
5
148
226
144
139
36
221
33
185
111
93
113
33
176
112
155
52
237
228
217
249
129
0
70.8069
179
182
176
227
38
178
154
192
241
144
169
111
19
114
127
62
76
153
108
223
59
210
20
115
73
246
247
117
0
54.7871
168
26
197
28
6
105
65
179
17
129
176
8
30
173
206
185
204
131
63
6
117
135
0
25.4157
132
25
16
238
195
72
19
179
137
218
2
100
37
18
75
14
223
83
131
223
78
112
122
0
95.8653
92
61
116
120
154
224
34
140
80
103
220
78
109
124
126
216
165
107
156
50
204
218
141
84
83
0
85.3632
48
231
246
111
206
197
22
68
116
226
221
56
111
113
37
151
161
157
246
91
238
66
119
192
0
29.0084
23
54
211
85
92
211
120
176
60
69
175
178
17
155
78
125
114
248
105
232
32
32
199
205
65
230
0
98.2867
59
212
195
72
39
189
208
216
130
244
80
186
210
211
152
61
185
217
0
29.2654
1
195
1
130
36
207
157
219
31
17
6
119
9
84
90
88
242
126
97
116
200
115
203
17
172
239
0
89.3615
54
58
223
60
243
40
168
210
52
38
171
247
14
26
170
111
207
213
249
130
10
57
98
67
210
0
78.8239
249
123
210
159
54
120
137
63
89
109
180
29
177
137
41
122
224
14
143
97
153
11
22
70
75
73
0
35.9778
244
16
68
243
34
188
32
97
107
127
182
24
122
176
189
111
174
174
84
101
250
70
143
20
150
60
190
149
195
0
59.8643
95
83
4
162
16
50
202
86
60
106
20
96
188
62
34
47
140
101
223
194
83
61
120
102
178
123
0
97.8278
80
242
22
191
81
125
58
41
142
142
186
67
62
158
14
194
124
129
163
52
142
239
118
245
119
206
186
195
0
21.8673
136
179
50
59
38
232
245
180
207
63
197
24
87
149
16
36
91
101
165
166
38
199
213
68
133
6
134
204
202
0
88.3753
29
35
64
115
141
54
127
3
196
96
95
107
248
33
207
179
187
175
246
146
199
148
127
136
170
0
97.8121
232
241
52
185
85
173
181
96
120
170
35
67
203
14
36
120
36
222
229
125
113
199
179
181
163
236
0
56.4713
242
43
94
236
123
164
39
137
6
115
210
197
181
31
221
6
83
12
28
12
31
244
224
148
0
18.9413
79
114
23
65
209
24
18
1
23
81
132
33
220
47
116
249
94
179
143
156
245
190
211
0
58.5718
182
39
17
154
37
25
89
107
38
125
106
132
87
239
131
110
236
214
68
240
81
42
0
75.1797
213
225
22
29
18
195
39
203
193
146
186
92
84
169
200
171
50
12
48
118
176
218
25
171
85
52
206
222
0
97.2412
78
88
183
88
65
34
149
32
110
103
206
167
60
70
51
34
28
186
114
17
114
231
9
0
17.5776
52
98
113
128
190
29
217
14
145
49
229
47
219
171
11
135
72
208
26
166
148
50
19
99
138
1
215
0
62.9151
50
37
142
128
50
30
181
180
50
249
117
5
121
222
119
117
173
141
147
237
126
180
163
233
221
179
199
190
0
76.8117
88
169
62
166
239
90
90
63
16
205
182
178
114
249
24
47
56
102
0
54.3472
12
24
24
22
169
156
189
248
74
82
112
248
238
160
108
180
222
62
183
43
231
156
7
56
0
8.2521
204
86
119
204
188
105
206
56
99
201
162
46
244
1
28
242
117
48
24
189
100
18
241
124
246
144
117
239
249
0
98.1401
63
79
73
45
79
31
32
32
33
143
160
156
40
10
105
166
191
72
92
200
81
130
161
140
0
35.5996
209
76
243
244
176
139
44
96
35
149
60
131
59
198
113
17
162
112
26
107
13
115
232
129
93
182
67
0
50.7436
57
105
175
65
204
205
87
160
43
177
174
156
3
1
181
59
43
208
214
46
95
97
221
30
162
157
0
47.6858
12
215
119
21
3
247
169
53
119
146
200
95
124
134
57
130
28
238
108
140
46
76
228
71
0
17.9948
182
191
107
27
149
17
228
69
200
168
201
30
101
223
136
193
191
175
5
33
237
96
65
116
221
0
58.6161
208
128
201
72
128
42
154
198
241
191
103
73
170
178
211
20
31
121
113
69
57
69
159
8
202
0
6.8849
128
233
145
205
221
112
98
33
218
160
245
5
150
41
243
25
137
111
159
53
88
68
142
57
135
201
0
6.0356
9
73
135
68
91
198
88
136
231
62
12
248
167
104
164
174
166
127
62
21
161
229
103
107
0
44.9977
155
32
86
16
137
98
56
188
193
110
136
239
103
44
154
238
128
211
23
107
45
249
81
111
11
0
34.8359
184
146
3
112
245
52
81
226
33
85
206
195
21
234
43
160
129
21
47
84
146
234
7
240
249
50
90
0
4.9921
95
131
63
101
18
121
156
7
242
148
215
245
162
25
28
3
234
190
13
178
108
0
70.0035
189
35
136
192
57
60
136
230
51
215
200
71
220
109
194
95
89
210
185
62
230
164
151
82
68
81
16
0
52.2537
99
16
33
21
216
233
212
46
27
199
23
97
32
52
95
105
132
174
149
58
65
10
128
148
171
0
44.4559
146
117
38
90
220
111
87
191
134
250
152
22
93
226
237
17
93
234
146
199
149
111
8
0
94.2223
172
114
23
176
245
217
156
164
101
209
132
84
141
37
78
63
32
226
92
247
60
199
247
0
53.6118
245
34
8
250
168
11
11
162
249
95
174
57
218
62
56
65
125
178
59
37
79
44
72
14
66
198
219
68
0
65.6169
4
158
9
196
40
186
205
107
104
67
40
194
239
191
134
128
100
55
27
45
117
214
40
201
140
231
244
0
30.8002
74
147
62
12
55
139
147
120
149
148
31
8
244
68
210
6
47
209
247
72
164
197
30
1
3
0
11.2452
166
89
180
109
40
230
149
220
152
143
79
27
8
93
138
207
205
6
136
226
157
125
37
60
0
92.6633
169
142
53
147
214
240
123
58
59
250
117
109
232
32
140
205
44
106
244
0
70.4167
77
145
146
170
131
10
66
34
75
42
19
115
156
61
98
6
208
244
59
110
218
225
110
115
186
84
22
59
0
13.5083
41
187
246
240
136
215
153
157
31
52
230
92
235
86
23
36
221
21
97
63
200
226
38
70
152
200
0
96.606
68
175
33
128
210
90
152
202
225
78
128
215
2
55
167
146
96
4
192
71
75
234
68
149
169
198
162
0
46.4396
59
228
225
8
142
23
37
239
188
138
52
179
62
208
245
233
38
86
229
24
182
177
222
115
119
0
