500
300
97.7614
383
32
454
67
352
108
442
204
35
125
130
59
386
291
292
231
224
6
302
275
430
389
6
127
364
129
247
117
371
430
486
402
121
430
189
278
394
434
448
30
472
261
342
256
264
353
288
45
239
383
171
0
8.3717
189
352
381
286
451
376
336
133
139
311
169
388
303
118
441
174
16
358
451
499
168
342
39
471
23
162
236
461
60
344
215
458
232
147
351
186
287
431
51
467
64
178
231
123
370
27
264
169
86
336
299
398
409
428
217
372
461
68
0
62.9777
325
252
235
417
209
441
489
230
496
3
273
194
57
302
30
243
409
95
402
432
260
463
248
441
320
69
220
332
481
221
369
347
166
308
411
262
133
415
465
303
45
485
310
192
146
64
0
20.9755
216
485
11
46
185
43
321
416
336
413
313
110
432
449
370
195
220
40
135
453
1
455
239
295
191
349
68
499
434
264
466
100
397
96
180
78
283
175
27
445
315
277
221
336
439
487
342
230
244
480
0
4.0336
285
500
83
381
419
133
267
165
106
103
179
160
29
485
443
110
290
344
479
450
267
45
103
9
228
338
14
235
134
440
361
374
255
204
33
394
86
344
73
167
203
326
134
85
433
0
86.7846
376
127
464
208
49
82
388
143
477
448
174
192
397
291
427
219
174
245
280
448
83
497
146
292
222
70
457
464
331
209
352
397
194
362
416
201
220
229
52
356
452
68
16
351
169
19
75
230
0
81.0155
248
400
429
208
299
272
399
64
482
108
136
424
61
305
158
296
262
409
430
408
137
434
431
431
211
147
395
93
485
110
127
123
36
71
471
153
149
173
92
125
240
496
228
369
324
51
345
73
302
32
125
0
42.811
222
181
406
181
442
5
106
156
407
346
463
11
441
125
229
97
476
73
481
27
267
12
139
466
210
6
8
136
314
226
261
359
247
415
432
310
4
293
332
346
174
5
311
260
457
55
293
43
63
0
2.03
425
455
381
56
25
90
50
138
467
334
497
76
427
20
87
480
94
393
1
197
35
72
465
367
293
35
30
387
154
399
494
33
347
52
320
335
214
324
235
208
479
361
152
400
451
79
45
335
142
229
0
75.2525
235
310
499
108
487
88
113
286
115
138
112
499
44
366
176
376
78
455
29
438
54
141
54
211
36
318
196
198
14
182
97
445
234
403
242
156
416
406
439
364
450
344
365
13
265
284
213
5
132
291
62
369
321
481
366
134
16
265
0
52.8762
29
374
77
464
346
130
28
180
469
16
299
85
46
6
323
283
444
138
171
284
222
1
186
314
347
147
158
155
488
364
465
438
259
162
199
285
151
151
431
358
77
170
475
73
16
240
182
168
368
48
0
7.2959
143
169
391
253
82
132
122
81
429
423
160
357
285
457
188
122
125
430
455
245
89
212
12
460
242
349
71
169
399
14
201
203
79
176
48
134
3
189
133
378
278
7
322
429
0
89.2143
116
145
400
305
402
169
179
278
432
341
109
437
147
79
272
469
429
244
26
498
425
278
342
208
92
110
445
317
470
364
424
412
479
157
490
174
170
107
334
404
322
427
465
196
387
477
401
61
12
159
164
312
433
399
31
375
421
447
0
56.9593
99
215
191
306
417
331
411
217
450
150
211
164
344
320
3
456
213
204
432
260
163
372
71
11
272
446
400
196
233
28
37
178
39
229
410
282
150
432
254
159
448
37
114
128
42
248
426
493
333
277
428
0
76.9811
186
185
70
12
418
75
325
225
476
492
432
401
276
324
459
360
111
389
443
84
66
51
447
282
245
208
30
216
304
358
129
64
73
70
444
333
94
309
242
279
341
159
292
376
450
16
328
41
206
182
53
149
6
425
236
0
43.031
134
247
203
57
116
497
52
390
80
266
312
87
161
196
417
238
379
198
343
245
60
330
353
479
125
350
61
197
193
152
109
231
447
388
97
198
10
41
24
207
423
472
192
477
125
443
29
190
401
56
0
60.102
104
497
337
24
431
304
337
419
461
416
75
271
331
253
430
186
175
219
365
436
105
199
313
449
77
486
282
19
93
441
358
320
178
83
405
195
231
443
22
64
41
195
275
429
478
500
465
124
100
438
0
17.7892
122
430
95
25
362
486
195
414
135
122
27
372
436
369
224
295
55
484
454
446
110
138
236
105
191
380
331
9
91
436
344
28
293
352
406
62
257
179
311
358
495
123
103
466
47
241
298
18
311
60
42
47
315
176
0
52.3202
145
484
359
61
60
119
256
262
283
470
427
484
486
220
2
410
361
410
65
50
178
456
196
231
29
173
106
289
19
247
198
321
349
51
400
107
232
388
149
464
486
339
320
486
246
344
54
456
394
492
478
0
34.7292
487
471
222
93
487
333
499
177
280
63
279
256
422
488
189
272
148
398
57
351
454
164
244
477
192
360
260
19
252
37
425
245
316
230
409
136
44
150
39
306
137
199
245
401
135
387
223
348
211
147
322
390
149
177
0
87.5974
297
349
304
195
1
458
103
378
195
456
211
323
339
4
256
130
362
376
374
203
379
330
298
197
208
330
398
329
319
443
72
7
435
187
59
80
194
228
404
332
452
486
310
463
208
423
332
95
286
395
403
70
449
273
0
61.173
98
133
23
100
237
98
351
71
141
93
284
478
19
178
200
385
153
254
14
64
227
101
388
333
37
8
452
100
245
192
423
325
184
384
297
137
262
442
85
74
317
497
114
126
365
215
242
388
252
0
57.1847
358
455
11
159
62
95
401
129
206
355
342
312
153
3
348
459
209
72
492
401
78
407
131
484
165
373
421
243
73
268
427
208
365
386
10
259
327
468
450
424
485
69
135
62
456
479
366
209
95
0
20.1173
322
236
270
187
65
437
191
138
53
322
363
198
172
306
427
122
485
201
456
176
293
404
200
240
287
428
128
353
157
276
70
479
261
371
360
40
59
377
392
479
291
343
469
0
39.2238
360
412
260
486
199
297
480
113
470
290
341
485
24
248
142
344
204
393
480
246
84
214
121
166
307
471
247
463
404
256
141
52
464
329
265
246
277
156
403
364
127
28
68
0
80.8117
374
256
189
192
218
175
51
489
38
431
259
155
351
22
106
25
281
18
140
247
118
7
307
23
172
302
86
313
205
124
83
441
107
91
206
48
440
256
468
283
236
170
235
464
156
419
469
309
305
194
237
245
0
38.9213
177
273
403
10
283
87
235
63
449
446
327
156
401
294
192
86
76
458
262
49
343
7
287
42
258
57
243
331
149
429
70
173
168
218
143
120
378
41
489
278
412
322
450
349
57
111
464
478
28
0
64.2576
178
345
387
108
356
206
59
293
230
46
404
477
452
89
484
381
443
143
442
266
22
445
437
233
460
397
354
359
382
374
381
344
422
353
246
281
464
108
376
156
333
78
121
203
211
274
172
0
71.4912
37
224
499
386
401
311
262
327
381
125
121
57
222
197
218
319
211
352
358
466
245
361
447
408
84
155
290
191
332
276
233
146
206
370
398
425
277
411
441
349
83
407
270
193
104
72
0
68.4316
401
435
150
135
254
295
483
45
377
478
284
200
347
402
114
118
411
378
211
194
135
84
225
250
216
425
408
140
40
259
43
483
269
27
355
294
388
442
187
112
450
48
206
448
0
53.3971
437
347
425
455
77
328
43
375
19
453
365
343
439
243
232
73
457
190
18
409
82
500
294
303
86
455
354
134
407
326
483
296
176
137
223
409
280
212
36
195
343
436
204
483
143
431
183
206
235
428
429
31
416
0
56.011
341
320
391
193
219
228
205
235
139
54
221
320
389
471
426
134
451
226
8
441
224
248
33
140
340
66
104
85
432
152
24
487
132
201
4
239
435
7
382
131
398
235
283
416
316
173
26
428
0
25.2119
220
97
190
240
343
376
244
414
261
155
146
267
492
145
251
445
345
50
196
101
411
362
251
297
56
32
336
379
206
243
299
330
75
23
357
121
348
289
212
264
462
324
429
476
237
201
0
85.0746
166
428
233
353
499
470
43
13
459
340
73
488
127
258
59
470
461
480
440
412
98
237
289
500
486
360
135
321
467
149
235
116
411
155
49
370
445
385
448
351
486
0
28.5101
21
228
406
375
459
398
36
297
461
475
6
112
199
376
424
87
451
309
113
245
375
202
150
225
466
291
278
314
321
37
172
411
173
94
90
479
0
61.9254
32
18
18
35
388
266
448
81
262
287
360
324
113
211
148
141
229
314
428
43
312
55
403
498
404
99
187
467
435
133
400
219
285
257
141
88
79
97
265
260
132
291
499
367
232
317
155
413
98
0
99.7708
379
489
319
303
446
243
277
256
137
275
390
63
197
63
57
455
71
89
299
407
456
16
346
41
478
406
228
90
263
338
164
270
348
293
337
147
137
499
26
358
344
428
364
426
263
27
120
50
0
56.2307
210
452
247
27
41
271
363
340
479
338
392
480
403
317
279
358
449
364
278
354
311
309
140
475
380
358
407
425
441
235
27
428
251
18
52
78
193
178
468
144
489
83
478
280
299
57
308
376
148
236
388
0
4.8259
186
5
445
497
132
260
217
228
177
66
208
389
330
446
110
30
20
163
30
245
326
442
325
249
36
307
46
116
472
399
58
40
214
184
130
232
93
103
79
258
350
182
202
115
72
194
47
0
68.2687
438
233
63
332
269
481
32
203
112
147
361
295
32
412
218
397
289
385
7
120
406
281
39
239
407
393
418
474
120
276
379
77
477
499
406
495
408
317
445
319
375
95
68
0
34.104
195
287
164
36
324
199
186
454
235
57
121
344
496
330
141
85
462
421
474
108
109
225
242
447
207
30
185
401
105
245
307
120
418
336
488
300
30
365
65
31
18
185
307
460
478
79
448
169
435
0
64.2178
429
308
378
246
237
331
224
32
165
7
121
234
389
297
261
380
341
99
383
115
236
258
338
143
433
408
417
208
293
397
165
346
257
352
112
22
62
437
393
304
77
99
424
57
494
87
447
159
319
236
0
24.9102
287
460
371
459
16
418
438
483
238
203
195
416
307
53
435
295
345
311
365
348
363
74
266
48
479
16
150
109
392
147
132
59
390
35
30
401
395
94
162
281
162
381
457
46
342
81
128
95
427
44
480
0
5.9347
34
418
279
151
291
158
54
428
145
251
455
469
168
62
464
79
97
168
125
76
59
399
182
51
58
451
37
271
29
323
498
270
196
54
59
88
230
273
71
468
487
279
90
194
348
177
435
198
146
213
142
311
188
0
57.915
52
175
19
365
147
478
486
179
353
481
272
135
194
227
87
418
100
73
277
426
429
54
149
322
22
475
26
66
105
419
348
460
16
407
490
142
458
368
264
50
94
211
66
236
399
248
494
0
55.6829
379
272
245
377
270
303
47
335
74
283
230
144
197
40
402
62
39
158
321
191
169
286
388
11
417
269
74
233
416
325
145
79
203
35
325
295
437
459
207
485
298
126
89
306
500
417
299
311
294
347
463
243
0
95.9061
150
259
247
161
419
197
319
120
209
207
468
338
206
24
390
386
72
49
148
365
86
12
144
50
346
64
195
397
107
406
89
141
429
329
203
388
92
363
81
57
69
450
332
309
474
203
53
52
37
479
50
159
40
492
97
38
127
450
207
495
197
101
167
0
99.6394
388
254
132
375
384
242
150
146
132
6
344
370
53
358
76
228
160
480
500
88
30
398
308
366
298
8
85
121
427
202
112
201
459
358
416
135
56
86
114
163
467
8
184
239
464
225
0
68.4635
387
142
106
101
396
76
192
204
362
431
89
5
207
160
381
207
178
35
432
398
188
163
77
193
216
433
155
475
210
262
184
293
481
474
68
125
26
400
234
87
142
2
358
11
241
428
256
0
12.0002
207
135
440
486
360
66
338
259
148
431
285
406
8
340
24
20
337
481
187
290
278
440
190
146
287
340
250
214
288
128
313
107
252
426
290
457
233
52
17
4
412
285
0
80.1255
211
38
195
463
108
127
125
159
161
344
209
409
422
218
297
158
348
82
60
250
193
233
349
117
436
127
54
161
473
241
493
235
155
377
187
336
228
0
82.0607
481
48
342
62
90
409
74
177
322
89
290
475
327
430
438
379
472
306
18
199
405
103
119
131
44
423
31
388
238
86
183
13
84
107
160
132
157
121
170
364
222
415
310
0
74.8667
331
38
391
314
495
286
138
367
36
11
25
471
33
25
266
31
11
115
22
32
119
99
226
181
279
169
240
325
471
325
160
442
227
36
160
436
12
497
37
417
383
232
202
493
425
259
197
37
366
376
411
111
0
17.9561
214
107
499
361
113
109
436
209
379
439
38
53
46
409
371
388
172
331
391
146
309
426
167
151
220
303
42
307
328
231
499
382
312
9
229
95
165
338
191
261
406
90
4
139
75
49
50
31
439
452
63
0
28.1255
365
214
31
26
408
112
35
480
238
134
319
370
405
17
463
184
200
60
269
245
497
351
70
161
381
377
244
239
182
92
489
54
224
295
106
66
205
277
319
453
196
415
14
26
231
433
67
446
282
190
470
424
453
499
328
0
10.4944
114
239
76
329
252
274
45
188
281
336
145
238
194
260
46
179
247
458
245
179
27
280
218
353
66
239
256
462
327
233
112
142
23
491
94
395
5
187
205
24
342
347
141
444
188
88
3
53
373
50
136
449
325
98
478
414
0
49.7503
295
16
353
394
371
393
68
132
456
62
142
351
24
260
284
28
331
15
241
244
46
100
420
58
218
295
170
313
25
131
282
63
275
201
400
42
394
393
417
299
45
51
168
8
100
143
75
396
52
0
94.3473
220
326
264
414
55
151
59
146
245
484
176
211
439
284
479
235
131
6
97
388
438
477
77
44
475
24
209
340
447
458
401
195
374
396
75
233
6
330
285
115
298
362
216
183
136
475
19
439
57
59
447
83
4
0
82.0668
449
267
435
276
168
241
72
163
229
424
99
168
295
389
476
12
145
40
9
413
366
132
35
429
491
386
266
21
319
291
485
366
41
246
91
417
121
230
108
296
63
119
110
245
395
236
359
481
156
37
61
439
485
0
92.0356
444
418
156
247
207
194
1
104
430
264
440
93
139
468
429
52
141
486
227
487
187
427
233
397
49
135
397
292
257
267
278
268
438
387
451
308
444
182
236
186
291
146
20
348
221
499
421
423
57
479
0
38.9326
94
409
302
247
467
483
209
17
404
295
382
83
47
399
50
409
290
94
297
332
405
267
110
35
461
18
5
234
177
291
191
345
289
254
407
302
143
19
122
500
8
110
487
30
0
47.1406
476
174
32
341
138
30
282
365
445
355
186
467
282
176
80
196
428
459
188
447
469
28
172
296
209
236
404
300
209
125
249
93
452
58
205
284
95
473
136
261
253
174
444
186
255
7
349
11
0
58.7932
32
135
75
293
168
400
371
349
23
68
457
150
251
252
50
352
467
92
331
276
95
475
81
452
47
178
100
430
294
348
308
22
326
240
386
283
450
164
413
497
168
203
299
170
326
20
219
363
495
446
104
122
314
0
61.2613
376
105
353
335
410
285
202
374
152
453
214
174
198
374
310
184
203
97
156
233
27
214
231
128
14
107
486
487
384
147
28
6
269
159
176
356
473
237
184
431
169
105
13
15
484
143
85
47
0
41.0959
62
465
112
498
432
446
333
489
478
498
141
453
7
450
71
402
303
325
346
274
496
472
388
416
126
279
135
424
244
429
144
154
258
152
295
280
242
271
110
308
296
478
366
344
142
76
284
415
276
166
464
366
113
0
3.1076
158
23
239
428
49
396
396
452
425
226
429
226
310
410
244
272
164
325
45
480
447
459
171
63
65
70
211
101
1
16
136
206
454
96
411
102
436
270
303
339
386
446
228
430
397
448
217
114
155
123
356
464
60
208
260
205
163
0
15.1112
103
154
16
470
367
264
182
72
454
371
428
29
342
373
167
95
60
122
193
266
365
449
475
229
391
274
439
21
367
411
369
107
280
31
211
247
319
168
129
257
13
464
199
427
104
360
480
379
247
322
372
495
0
33.5386
203
236
128
3
321
208
229
49
214
245
263
35
260
343
196
186
281
349
133
244
215
429
6
34
251
266
17
437
222
373
125
223
322
365
199
91
241
82
454
110
344
500
144
237
75
358
272
328
310
389
310
174
87
367
428
0
56.3359
199
366
395
336
241
245
333
320
138
405
225
316
384
358
41
478
66
23
136
423
34
336
291
81
46
354
373
235
210
17
36
414
139
175
352
143
405
56
264
24
212
445
443
272
116
477
249
180
330
99
418
0
50.0823
223
68
462
426
348
144
121
179
433
208
332
54
449
55
24
427
14
415
56
343
484
302
333
357
194
358
91
279
138
474
238
102
424
8
238
110
167
143
488
124
51
410
332
312
68
495
0
27.3089
453
272
444
111
301
141
254
356
119
185
278
85
178
450
463
54
499
405
379
369
420
408
245
281
57
38
348
452
53
19
33
66
418
5
288
289
364
213
363
369
117
170
89
427
43
219
86
180
352
85
407
196
253
0
95.0216
228
373
442
32
176
348
33
323
468
382
10
84
84
113
395
313
318
491
424
291
363
6
450
364
309
29
45
64
430
51
175
447
486
111
104
339
245
284
0
39.2108
430
268
129
457
235
311
271
223
441
453
127
328
451
470
343
41
301
479
199
113
212
387
352
18
157
440
155
115
332
370
79
333
169
185
101
207
226
282
404
212
295
138
41
308
372
454
390
111
107
183
386
427
269
0
28.831
64
203
275
187
115
467
216
398
182
445
8
180
249
304
384
291
88
227
218
147
318
335
174
420
87
472
185
299
362
208
41
222
455
477
46
56
219
136
263
365
461
267
475
19
160
34
300
105
140
473
0
57.2363
49
64
232
434
334
8
371
193
93
304
96
190
325
69
427
483
400
416
164
128
340
339
339
460
164
352
407
28
55
28
35
492
85
396
173
49
266
311
494
216
254
358
253
50
455
433
82
158
153
416
356
99
225
0
28.0889
34
370
36
10
349
129
2
271
459
24
451
334
233
425
416
232
91
309
196
13
495
317
392
453
212
436
17
425
137
33
360
224
183
439
404
35
488
466
208
364
140
135
482
293
152
126
446
329
132
269
190
297
79
403
212
355
327
230
59
295
50
0
28.9159
38
377
492
141
296
176
59
123
293
78
46
59
217
282
91
203
305
328
314
188
65
461
329
223
477
200
42
280
226
332
434
198
451
485
9
157
171
387
185
78
192
267
488
304
448
163
181
145
0
98.2535
156
359
104
355
80
39
180
372
90
245
405
158
360
395
500
89
264
69
338
483
145
308
45
88
95
143
492
223
246
454
149
207
348
347
177
172
286
3
140
337
184
255
208
359
410
96
108
103
100
394
0
88.4863
347
420
389
358
292
410
99
437
190
431
241
291
51
140
297
412
150
183
165
159
205
80
327
365
147
42
93
231
200
240
61
234
326
163
355
285
337
160
44
276
500
417
233
139
0
62.7198
243
1
406
32
287
2
161
179
247
110
172
323
233
462
177
342
207
469
418
231
112
471
98
11
411
412
64
11
408
399
366
51
111
184
305
435
461
35
67
311
301
439
57
339
108
356
463
269
352
62
192
95
0
19.6287
448
118
41
276
225
33
493
228
214
312
207
313
234
259
486
54
171
473
183
460
47
178
119
456
25
420
99
198
332
415
1
67
446
419
247
172
175
287
217
282
493
176
60
491
56
482
64
392
347
275
494
70
98
67
64
140
0
55.8768
37
450
430
288
362
276
142
82
293
344
371
485
26
315
423
293
230
217
167
97
359
204
378
17
231
357
89
97
71
222
178
270
318
55
422
449
174
11
32
421
476
54
82
375
188
290
173
87
448
415
363
0
66.0926
46
261
312
63
372
141
305
449
489
309
358
490
412
245
358
473
295
129
99
15
412
167
139
405
292
94
369
33
154
27
486
187
67
316
325
241
1
375
150
257
273
269
8
486
290
84
17
206
333
444
245
175
174
25
390
288
76
278
0
21.7764
477
56
155
258
422
469
272
178
44
258
492
361
340
367
215
124
481
61
22
389
36
25
127
297
42
467
95
440
374
432
399
245
494
493
333
90
384
7
100
389
78
258
401
412
424
462
293
493
429
390
69
268
0
14.9676
158
59
455
293
265
379
167
444
179
363
302
18
267
83
254
96
279
293
317
466
3
268
49
100
203
456
162
474
180
385
98
153
47
74
402
331
16
331
60
263
122
212
69
222
239
310
20
0
90.1633
273
12
102
105
81
152
124
280
366
487
240
460
294
350
110
95
437
358
334
287
499
105
64
259
427
66
354
146
43
212
121
497
466
75
82
249
485
96
381
313
385
3
8
74
270
304
309
116
0
63.931
268
458
345
298
57
132
164
75
246
12
106
299
361
274
120
62
311
236
356
102
354
366
385
218
432
76
232
374
476
402
417
166
110
482
103
388
113
430
467
141
109
452
382
246
92
140
132
94
332
298
476
213
0
43.4426
166
384
372
459
427
220
308
399
193
83
215
203
129
13
375
382
325
394
387
56
7
194
433
141
252
240
269
135
50
373
322
344
128
488
342
254
175
150
71
178
486
325
84
240
244
185
417
460
156
259
0
73.9168
382
493
409
128
228
48
243
296
338
500
25
13
389
66
47
323
168
372
214
173
322
435
396
490
497
251
238
117
233
325
257
288
371
196
26
466
248
167
415
30
294
258
364
95
383
330
45
100
162
0
87.256
437
344
143
229
20
330
157
194
162
23
87
210
140
420
86
131
380
249
24
483
338
398
249
260
34
24
210
419
308
336
59
151
446
428
306
224
389
266
340
165
226
388
221
409
325
340
457
0
20.8794
285
362
449
266
60
153
202
37
177
345
341
139
179
416
267
55
256
406
423
181
281
422
164
19
185
162
168
486
351
213
137
409
68
296
298
296
230
469
19
222
449
216
26
451
200
332
128
398
432
275
199
0
99.5207
435
272
258
202
64
134
332
77
390
199
438
221
404
298
318
182
225
152
315
225
485
284
351
60
385
104
94
451
218
322
435
274
328
266
60
361
438
169
465
3
476
408
497
46
0
69.0366
325
326
227
190
39
287
156
22
53
167
11
271
477
234
345
466
4
51
359
303
144
233
174
455
320
126
415
141
47
120
250
319
27
363
492
344
399
255
332
403
11
420
481
440
0
68.4238
287
211
85
105
184
175
375
76
274
131
318
283
430
319
24
496
369
225
444
485
471
301
38
77
163
313
340
310
192
142
320
225
405
30
308
464
440
330
129
182
48
265
200
119
442
197
253
65
0
18.1382
439
229
316
371
476
129
402
181
76
457
249
458
32
500
333
229
421
80
357
171
285
60
490
321
212
299
212
242
409
354
455
401
100
286
19
446
140
457
66
213
37
476
221
348
164
278
446
388
115
437
412
328
492
0
34.1814
189
239
45
426
236
134
288
173
163
320
1
485
244
159
426
30
300
139
96
341
488
33
88
241
282
498
146
367
292
379
62
444
75
395
254
263
335
399
303
277
31
114
303
61
81
156
273
262
0
49.9914
73
172
284
173
168
82
420
379
128
196
444
442
436
363
131
69
246
240
96
262
68
307
485
328
181
111
61
258
151
269
192
152
342
186
230
2
475
61
468
178
113
385
150
0
93.7007
95
372
331
189
139
138
54
2
418
456
218
315
47
166
119
42
116
173
94
9
244
12
138
406
36
78
17
265
377
67
180
305
290
410
437
15
438
290
6
299
374
42
197
229
142
10
68
256
195
215
192
429
0
82.0051
357
332
181
334
230
294
222
191
129
469
101
173
276
185
462
233
172
392
126
340
439
446
156
374
242
356
114
189
364
22
90
26
403
345
383
253
460
168
113
151
84
330
435
206
388
273
261
204
190
18
373
416
211
44
133
96
329
265
122
392
0
62.6348
31
77
471
38
139
47
250
198
319
447
315
310
315
106
245
12
69
115
360
21
94
219
253
130
139
491
401
78
211
495
71
108
278
446
389
202
211
413
45
477
389
466
465
204
279
302
366
457
428
171
312
50
401
340
0
54.2086
128
328
145
493
359
483
36
65
3
293
288
90
336
469
429
252
127
376
182
249
400
412
63
52
219
236
146
320
190
356
137
50
274
376
256
477
70
98
432
247
437
249
424
56
440
46
148
443
480
73
96
500
0
73.4431
189
463
203
454
332
48
81
55
156
430
272
448
460
107
193
52
448
149
34
139
135
79
279
12
401
388
158
360
439
28
159
377
475
53
30
219
61
190
195
114
277
68
179
67
35
377
276
365
0
83.115
347
377
312
490
438
199
309
429
438
352
167
61
463
340
413
215
271
3
408
397
472
152
158
478
479
158
95
404
354
275
433
269
494
303
412
486
107
206
188
339
210
400
70
294
18
107
333
431
65
311
468
259
361
0
63.4495
357
377
137
137
217
171
39
332
108
120
360
470
315
63
165
203
43
108
155
9
308
41
256
309
38
264
2
137
251
361
244
272
312
169
466
500
90
268
230
418
254
19
24
434
469
345
110
169
316
387
409
51
154
0
77.176
393
53
4
386
32
209
412
121
82
206
481
434
445
282
67
80
239
235
114
290
117
205
89
17
497
252
230
413
21
167
240
446
128
268
452
157
272
77
302
254
399
271
16
155
230
371
363
140
431
0
56.8022
5
202
81
356
381
467
53
214
349
259
322
198
121
192
122
288
153
9
262
54
79
118
45
4
122
442
243
450
424
248
316
473
53
133
37
339
207
213
333
126
454
300
423
249
171
355
104
303
491
397
309
375
489
0
63.5684
227
344
257
233
495
458
294
238
364
14
78
392
286
275
134
227
313
65
320
273
89
323
230
333
29
221
112
219
239
419
268
104
19
7
369
451
453
411
348
118
119
327
130
217
316
300
431
386
438
0
1.0289
129
475
338
18
323
132
448
313
18
421
73
42
115
301
256
287
367
457
241
205
212
179
499
277
320
146
338
187
47
311
433
233
494
219
256
361
495
161
485
453
300
36
451
308
204
459
285
223
0
47.2393
54
256
265
194
239
74
223
175
420
328
429
319
444
318
276
33
142
133
107
486
116
113
383
81
138
155
19
201
164
278
334
193
43
404
284
175
16
391
325
275
471
38
439
185
36
309
22
95
352
470
114
415
200
99
357
0
28.7798
423
9
316
37
252
360
288
246
156
105
145
284
189
34
38
400
24
220
363
207
223
403
53
336
63
5
288
335
55
280
16
170
63
245
185
477
251
383
213
85
361
193
170
467
376
74
317
195
307
0
88.553
156
101
339
344
158
173
289
89
348
299
481
82
73
76
118
365
423
318
106
213
126
416
448
419
243
365
62
23
136
213
142
179
175
255
207
49
473
324
405
102
237
371
224
132
25
321
130
305
241
0
14.282
188
70
224
446
33
435
330
82
241
132
298
424
407
492
136
41
297
234
434
426
461
219
95
406
179
333
329
473
439
108
283
30
45
42
265
396
43
161
98
210
18
349
422
32
164
350
280
243
299
299
0
20.1331
224
287
433
399
397
325
444
338
78
89
498
151
407
140
37
250
61
147
324
267
223
103
279
279
314
402
489
209
412
179
153
320
255
269
200
446
153
291
53
465
15
339
277
55
324
112
498
298
460
445
220
413
419
376
0
22.4598
205
115
313
53
459
156
226
422
259
205
113
381
166
281
314
15
44
347
180
155
209
447
181
19
245
446
248
167
424
212
352
257
404
166
137
380
56
437
24
281
297
277
32
489
197
188
78
492
282
298
135
184
245
423
266
261
0
5.6021
438
393
311
431
138
389
189
481
173
22
228
44
91
332
384
106
249
134
117
40
365
274
459
272
461
445
310
103
285
76
388
456
352
58
267
28
333
101
137
393
133
378
98
173
30
379
241
455
383
208
0
99.1284
310
46
448
439
61
443
60
194
32
92
443
291
217
147
284
216
72
98
92
188
386
456
394
443
336
120
276
306
172
207
343
23
414
295
154
96
101
132
419
386
76
86
490
3
500
320
145
114
43
168
210
259
173
238
297
340
105
128
421
306
200
0
4.0188
437
240
77
236
473
363
196
281
28
224
187
194
96
189
302
229
104
318
176
173
368
126
351
11
494
299
113
433
247
227
61
310
499
377
261
239
415
202
453
466
214
199
0
74.9361
349
196
330
235
296
435
406
171
277
160
48
498
217
184
101
199
340
22
434
20
490
269
392
236
85
304
134
356
342
218
253
448
102
218
82
396
255
18
86
390
194
260
313
440
54
311
344
101
334
350
354
152
309
366
387
441
496
469
0
38.0769
160
44
98
382
326
7
276
171
286
404
393
20
462
436
187
411
479
15
48
137
199
283
96
281
335
339
375
50
97
322
59
95
120
146
405
327
154
181
98
179
224
290
490
175
0
56.8908
438
69
237
111
179
399
46
186
481
384
434
119
282
286
357
417
209
44
122
435
82
161
7
192
285
202
210
61
189
82
299
223
457
186
218
184
340
272
156
184
247
205
431
227
0
88.8702
252
194
464
238
348
450
290
57
363
151
423
257
300
50
9
352
7
188
107
284
387
78
147
178
86
148
268
291
109
312
412
111
46
392
346
23
476
313
267
178
184
363
162
455
411
472
287
85
256
10
0
80.3898
54
145
312
72
3
73
13
60
154
184
31
194
426
333
238
366
328
301
123
128
251
27
333
62
263
196
134
436
500
461
406
181
3
185
177
212
336
141
315
461
74
267
340
383
293
78
12
281
153
0
39.5731
10
446
177
312
414
117
391
82
276
78
435
465
172
477
342
136
59
278
51
351
199
124
351
106
368
35
193
440
38
140
189
328
319
181
58
219
401
191
185
438
420
70
252
193
41
154
360
355
346
361
110
42
387
336
347
219
271
305
105
162
467
0
35.6439
159
344
344
158
212
438
3
237
434
279
345
300
500
196
31
64
43
128
34
206
100
250
333
237
25
269
62
286
410
427
13
452
298
146
281
395
205
112
391
107
142
144
353
401
184
410
237
393
9
476
357
219
248
247
264
94
107
243
0
76.1602
47
231
366
269
292
15
233
441
25
462
126
476
191
46
56
62
73
222
267
485
311
436
209
406
8
331
306
439
405
282
328
12
203
93
391
266
397
160
446
440
416
43
392
24
465
384
214
35
29
483
327
306
160
60
0
14.6232
480
71
127
498
235
230
326
416
154
167
470
302
102
127
84
335
238
478
327
458
144
119
183
159
78
72
350
290
212
132
383
143
54
404
230
359
195
171
348
306
330
83
409
425
332
268
313
194
277
179
100
0
65.4279
14
298
288
351
499
296
367
91
341
456
241
49
205
352
162
28
139
149
327
34
233
74
441
227
165
337
495
163
28
55
326
200
142
204
240
36
276
205
287
112
332
95
401
476
0
49.8853
6
43
199
55
482
128
103
493
261
409
209
249
357
144
304
352
67
120
161
477
259
493
337
361
319
137
105
144
28
110
426
200
460
263
49
41
435
419
142
311
251
145
86
0
65.091
315
395
42
308
392
7
100
316
148
335
474
15
39
15
304
186
492
297
188
164
441
111
52
358
307
204
247
92
26
480
476
226
29
201
345
286
104
197
349
114
278
224
423
409
293
390
60
394
0
90.7852
24
460
182
122
404
454
351
113
95
478
303
488
403
263
259
53
315
61
140
194
359
390
92
401
30
2
315
149
484
310
265
448
333
281
311
187
221
190
25
243
422
394
313
394
163
14
212
36
351
273
477
182
421
500
255
261
0
96.1104
460
268
497
36
121
41
388
463
193
287
23
365
160
21
207
462
10
475
11
131
169
114
419
448
155
458
170
277
109
143
92
342
228
422
60
8
351
439
82
437
21
365
247
149
357
453
34
338
73
500
230
411
100
262
477
212
297
0
1.9614
445
136
330
276
365
36
219
276
171
425
187
3
206
441
434
393
462
394
445
99
489
445
100
447
61
330
113
218
162
129
97
260
260
368
141
358
280
77
222
28
39
401
357
101
423
150
137
131
360
336
0
82.243
367
236
73
9
392
229
188
476
83
98
491
168
311
276
497
277
324
354
483
439
17
415
137
186
39
460
141
433
423
106
301
268
268
7
422
165
89
334
104
142
220
43
299
468
354
310
55
496
486
392
231
77
207
37
118
0
8.6582
214
195
290
205
29
88
82
58
322
340
347
272
193
9
152
434
431
166
334
378
94
290
122
171
18
329
434
437
362
280
172
45
142
104
428
324
410
90
48
354
67
302
212
0
48.0623
306
138
310
246
260
267
361
221
275
180
89
40
379
76
459
397
163
448
297
340
36
390
374
120
174
66
431
375
232
129
250
131
471
172
259
319
128
164
274
147
449
79
329
0
84.94
273
249
418
44
22
317
235
212
181
274
220
180
95
141
51
381
35
408
166
298
142
449
20
494
420
410
217
281
310
419
53
288
302
36
451
234
280
377
437
245
141
105
233
128
37
20
200
446
30
0
5.8686
380
169
452
346
217
246
35
220
402
439
487
304
38
375
337
223
205
358
327
65
238
418
43
89
214
171
431
57
334
16
312
44
90
145
146
97
496
254
454
392
217
331
165
348
84
187
139
45
113
498
0
54.039
312
475
402
267
1
472
210
316
16
319
339
126
324
294
277
460
326
31
34
87
125
394
173
487
92
7
372
5
266
148
11
197
298
479
267
124
81
292
79
180
305
250
439
282
350
90
458
498
214
39
374
158
427
98
365
494
0
68.0805
283
414
319
396
478
87
308
287
383
346
443
390
437
428
170
345
408
94
334
122
462
311
329
346
476
200
382
204
268
105
391
330
204
195
137
72
35
227
69
4
86
278
496
59
27
446
483
44
423
465
322
296
0
94.812
126
98
398
139
61
375
312
272
491
57
497
327
355
391
474
123
497
110
227
208
237
330
241
194
77
145
297
392
383
306
178
46
217
290
45
44
312
11
127
176
396
202
243
289
439
109
26
218
312
107
0
19.3212
459
139
128
329
192
230
247
24
417
443
93
234
15
254
420
293
117
63
206
205
343
485
170
492
142
102
80
159
193
103
80
368
122
391
82
28
466
20
98
385
73
290
492
286
198
0
86.0462
185
167
473
429
185
450
491
440
231
252
218
169
219
181
169
248
69
417
108
261
82
38
339
171
171
280
361
429
112
239
407
93
175
79
176
124
89
179
181
170
230
405
146
198
468
314
111
154
0
91.3395
333
347
350
203
33
341
208
278
411
345
260
16
85
198
141
426
157
129
14
276
129
63
360
224
258
479
10
224
61
299
267
496
388
392
463
420
152
318
193
416
292
406
91
329
0
63.1976
463
1
196
479
179
299
461
343
317
239
312
472
497
354
143
337
316
427
115
450
20
355
149
349
402
8
198
112
181
203
294
467
453
235
322
398
103
421
391
73
324
182
38
268
6
373
456
206
240
494
389
138
235
67
0
67.0741
330
469
410
248
465
61
247
101
404
121
386
469
462
309
486
274
272
473
403
260
9
364
138
390
299
158
364
411
432
287
81
93
172
465
438
380
418
435
345
451
225
181
195
151
7
418
443
392
20
3
62
372
0
23.7337
135
111
1
39
420
319
217
319
151
428
439
183
20
164
107
92
176
255
139
229
455
107
178
430
57
463
429
41
202
341
171
164
119
489
450
61
58
297
441
8
9
54
390
355
244
84
269
66
0
8.5404
237
395
99
256
42
252
364
415
14
381
412
457
450
172
171
94
42
361
251
324
172
325
386
424
339
474
234
443
6
165
134
125
77
76
324
413
260
48
200
155
28
61
193
148
249
139
389
445
319
464
445
235
458
387
404
234
0
35.4818
256
172
139
37
311
157
129
464
232
118
253
293
155
422
109
42
386
413
403
113
267
109
161
85
63
126
313
180
122
244
159
433
210
26
230
347
386
375
438
72
219
420
288
149
20
394
340
357
393
0
58.0509
403
130
402
271
158
96
229
262
131
485
286
120
71
33
272
204
425
387
128
103
128
284
258
78
469
25
208
212
286
163
166
67
395
88
449
151
205
212
120
497
10
116
330
202
460
62
158
309
354
186
0
65.6606
113
415
190
389
251
246
115
101
165
492
342
316
141
336
73
198
45
425
411
397
30
423
477
160
98
413
460
378
242
169
345
446
369
258
224
135
254
316
333
413
28
278
184
200
33
18
27
46
455
268
134
313
0
53.673
161
197
383
448
45
459
374
360
323
297
394
128
379
180
325
209
240
355
133
271
445
484
171
34
163
43
321
499
64
82
74
376
139
17
448
326
110
311
14
378
210
291
454
158
403
377
349
198
29
81
99
491
390
0
52.2383
75
34
27
68
318
198
353
265
154
196
26
290
387
53
180
209
325
149
386
499
399
5
466
20
378
384
287
409
150
272
51
312
391
223
402
139
5
124
447
244
350
124
37
256
212
366
0
20.4863
481
202
81
332
3
98
440
73
133
104
262
314
205
129
124
246
190
196
59
435
435
343
498
206
4
477
355
324
175
320
384
93
4
354
33
282
477
195
140
380
475
435
155
456
498
146
71
0
79.1512
361
415
68
416
349
118
437
98
265
432
353
230
37
290
93
358
54
194
435
32
30
279
160
6
238
192
29
195
327
330
417
450
379
373
255
439
310
282
51
267
329
356
289
450
57
165
184
342
437
406
0
25.899
452
306
233
450
210
171
399
397
307
105
292
466
336
48
371
243
458
475
61
363
444
34
227
460
413
233
20
70
176
406
59
469
304
365
440
120
146
26
62
257
0
77.7833
299
327
372
407
223
330
273
410
300
321
37
273
483
481
120
399
84
471
11
275
295
221
443
500
268
421
350
314
340
125
65
207
398
140
119
452
261
420
339
115
87
342
29
430
0
70.7622
291
295
354
377
479
121
56
86
245
247
494
28
338
347
465
138
370
132
426
200
353
424
354
226
170
488
143
265
313
222
200
209
227
182
185
469
214
225
372
184
107
282
451
173
15
223
393
58
428
44
74
263
70
0
65.0048
493
338
177
239
110
65
215
311
50
271
441
441
361
44
37
95
6
163
436
396
66
425
488
498
143
347
390
98
87
164
431
404
320
2
379
281
82
364
63
279
111
366
236
415
293
174
167
367
366
231
346
110
288
34
0
61.2185
468
413
418
126
492
79
60
382
216
101
138
244
358
194
377
135
388
373
7
499
376
94
179
195
152
148
294
57
73
222
220
274
485
449
0
49.1109
200
106
40
149
57
413
347
62
212
293
135
239
487
32
290
41
216
127
141
146
64
412
190
148
428
294
467
439
18
466
8
432
284
461
413
451
189
417
393
34
104
458
473
348
182
365
0
17.4191
387
37
290
303
72
17
99
127
247
243
329
399
377
305
114
261
6
183
303
413
172
90
311
217
62
358
439
219
424
68
389
162
351
326
336
57
496
169
187
108
323
302
269
164
265
243
118
326
47
0
73.1583
191
404
148
129
97
237
161
71
234
396
55
391
381
412
33
380
334
488
78
298
200
365
99
457
4
484
233
126
480
437
344
49
87
426
167
365
290
469
314
33
203
269
221
99
431
0
85.482
74
254
29
123
12
36
402
290
59
467
251
205
237
57
25
303
63
255
17
162
96
226
84
276
166
20
114
438
153
342
435
199
48
363
494
5
192
110
342
276
249
477
181
167
384
177
0
23.5079
411
165
362
91
45
361
243
42
39
326
243
489
399
270
451
358
293
222
441
165
38
13
131
63
87
383
419
75
351
229
216
185
469
229
110
208
335
386
432
321
142
135
143
305
485
155
60
420
251
433
0
54.1723
366
373
264
393
189
150
186
34
449
280
395
354
312
252
174
23
335
313
341
165
147
14
234
403
179
182
440
101
221
232
491
202
252
10
96
1
281
62
124
175
209
315
121
50
362
429
392
140
165
169
98
0
7.9423
444
232
226
129
67
360
310
363
180
237
23
42
337
61
263
137
183
452
434
325
211
4
203
184
234
380
446
267
448
328
474
23
401
270
271
28
353
449
364
135
150
369
446
454
496
5
268
201
43
241
0
40.8157
450
236
392
196
15
462
430
366
39
211
238
377
461
146
217
124
17
58
409
333
305
321
250
267
190
202
76
323
394
48
131
58
253
212
330
442
360
56
109
332
271
50
264
150
48
60
282
252
91
0
73.5647
235
222
243
236
185
361
345
295
31
268
182
135
284
61
238
241
203
70
197
456
342
409
49
389
141
97
226
14
60
96
468
54
428
182
305
240
350
322
416
459
287
251
425
328
356
297
483
286
126
222
477
0
45.2699
243
89
233
116
336
362
500
375
186
105
192
300
108
64
36
245
330
67
345
58
259
181
228
74
54
155
237
12
85
460
187
47
333
151
241
308
358
14
379
443
477
331
474
56
450
201
343
36
0
44.5616
373
26
181
240
265
407
311
215
343
181
363
377
264
204
136
169
423
162
53
17
430
496
261
407
57
253
46
278
323
413
10
90
178
27
19
54
342
467
119
130
313
159
300
193
306
491
255
466
0
42.62
68
371
22
274
383
56
497
497
57
2
248
387
147
417
193
283
342
452
137
220
483
171
364
240
216
275
401
253
452
49
437
255
203
29
129
194
42
213
83
424
403
170
438
267
301
255
457
32
421
396
294
371
146
50
348
0
92.713
97
475
302
298
204
78
52
174
279
46
82
84
169
259
445
245
206
101
465
68
406
437
150
139
276
327
201
468
242
303
234
253
9
373
352
473
267
431
486
38
39
406
249
244
184
36
421
364
241
312
449
146
272
0
23.0322
247
263
499
285
5
222
412
302
410
196
238
248
337
21
397
197
5
193
458
297
460
435
20
389
207
490
383
52
409
403
279
239
488
391
477
483
47
31
99
402
37
183
345
219
93
60
341
192
310
121
200
299
485
20
0
42.9515
23
88
496
190
303
262
353
492
243
153
174
291
237
25
257
147
291
394
265
74
401
263
199
406
41
221
254
244
128
343
424
333
252
6
240
108
74
242
102
105
344
112
142
274
159
172
0
60.7742
400
338
406
111
178
50
350
97
302
419
70
15
181
321
377
118
329
110
331
25
317
251
477
72
276
85
392
218
213
151
12
291
341
14
173
157
70
478
315
314
82
274
5
230
91
121
55
17
443
311
489
141
115
128
472
7
361
364
0
33.0677
341
235
225
23
452
348
339
457
415
217
195
50
55
242
105
311
257
195
44
347
168
479
421
313
194
470
457
79
339
114
306
78
57
259
186
463
354
154
485
342
0
66.6673
423
223
406
334
245
190
186
84
109
41
249
145
385
134
369
216
212
401
328
264
222
487
187
269
134
362
163
360
223
497
193
89
159
130
427
299
303
384
210
291
379
21
177
301
500
432
99
376
0
23.4373
73
435
171
243
268
231
418
25
146
299
261
255
182
450
28
9
375
489
449
483
103
254
141
174
422
366
422
428
136
439
388
54
208
176
64
480
428
138
189
76
469
210
360
172
0
89.0682
434
332
369
156
375
255
302
172
273
385
100
259
283
259
228
303
253
290
65
193
6
119
409
32
472
138
481
352
338
129
385
94
304
201
298
358
214
92
446
453
122
4
489
490
212
200
252
354
478
100
403
314
162
260
368
0
31.401
84
374
344
98
281
224
114
160
207
122
178
163
93
299
50
322
72
154
438
35
320
229
396
30
408
51
114
67
16
269
319
118
78
319
245
198
142
211
161
4
320
180
95
447
486
496
458
286
0
39.4727
312
150
380
97
413
240
273
404
128
335
45
248
227
311
160
191
95
171
75
334
486
408
482
415
72
27
395
455
465
456
4
428
337
26
340
483
305
260
338
309
245
106
267
133
211
269
191
407
184
28
278
0
67.4238
441
256
166
439
90
398
105
390
359
431
208
52
379
465
9
281
213
299
336
346
423
241
66
420
156
180
313
158
423
168
331
351
248
250
37
228
288
2
111
149
361
374
97
379
18
414
404
413
428
21
309
0
30.3498
103
498
425
433
84
405
486
423
356
21
118
143
466
214
38
160
254
239
133
365
131
326
182
211
372
136
158
394
241
239
444
183
471
243
30
73
417
346
365
266
190
259
435
350
492
287
388
0
46.6712
420
445
344
381
87
131
325
21
67
54
38
299
456
265
128
480
335
169
386
264
160
314
332
41
99
29
404
65
428
68
300
477
4
421
304
14
475
16
434
163
315
217
195
264
284
343
184
0
36.4236
216
124
420
153
386
343
225
45
325
129
163
374
43
305
459
108
265
172
402
126
407
121
242
361
97
439
139
409
183
315
178
443
151
404
70
137
247
17
350
0
49.8602
473
313
192
456
53
260
299
456
339
214
25
395
15
13
278
161
185
275
226
430
479
135
165
61
343
372
204
91
393
84
496
215
125
40
121
370
284
121
431
30
375
499
265
408
245
392
59
405
235
0
80.767
462
349
494
382
155
382
294
264
404
396
7
344
368
315
352
263
376
429
287
409
320
213
448
111
165
227
238
368
279
369
237
183
140
210
329
176
416
216
459
352
231
382
451
344
453
384
378
241
481
0
80.3083
458
303
407
361
116
2
199
365
362
266
146
488
217
357
109
412
26
460
437
246
224
235
385
165
136
341
114
399
423
421
412
72
118
82
344
399
240
278
453
328
183
417
397
30
348
483
412
370
420
30
102
262
0
95.8951
455
43
477
224
164
305
9
485
34
171
340
263
56
456
160
240
303
338
345
292
152
3
202
28
209
278
460
84
49
72
358
49
211
216
328
467
279
277
74
337
78
366
348
487
335
0
28.6311
485
411
14
242
229
277
328
24
177
56
275
154
434
215
487
306
325
166
30
60
323
166
189
268
201
186
330
308
219
230
24
47
120
205
201
238
453
259
100
331
318
47
266
37
352
302
347
5
14
110
188
407
241
0
32.4607
48
291
198
456
211
495
397
475
300
257
282
366
398
205
50
491
13
492
489
113
495
47
296
99
10
270
186
491
432
432
297
447
297
490
164
242
371
182
63
104
3
17
413
172
375
308
180
105
147
130
498
469
340
453
400
85
307
0
7.7757
366
361
442
29
28
458
85
281
419
64
251
277
210
407
361
221
233
383
491
490
325
127
36
27
363
294
103
386
444
152
363
232
227
379
72
129
367
473
474
69
31
445
0
51.3077
330
252
468
306
328
331
265
225
196
349
98
157
403
125
409
264
453
222
333
403
452
253
370
148
183
77
330
429
59
67
71
475
365
323
195
486
143
290
34
137
267
462
378
178
466
409
204
31
245
239
471
479
133
406
25
186
487
177
0
54.7339
487
364
155
7
136
444
376
322
102
187
367
388
476
22
297
219
178
102
7
352
35
446
474
182
209
412
131
116
315
286
146
21
433
317
366
204
436
450
185
115
137
283
404
305
267
279
12
193
445
36
156
328
0
77.3121
301
5
474
196
350
37
11
72
67
468
464
58
430
41
204
313
266
52
211
263
416
229
297
25
232
267
325
63
164
47
318
199
63
441
472
313
491
251
211
353
94
167
0
93.0254
445
178
334
286
139
107
316
450
182
301
295
184
324
477
210
57
296
258
345
232
341
462
235
467
434
26
434
205
69
82
438
136
463
41
23
56
429
42
469
334
470
150
13
329
397
42
125
260
0
0.70098
63
138
394
377
58
500
453
321
168
106
235
75
326
310
77
406
356
111
170
408
177
271
372
471
29
319
385
138
343
479
401
48
100
424
60
450
87
429
61
274
32
473
467
107
112
470
192
480
119
0
39.0412
213
172
46
88
296
142
368
229
408
83
80
107
368
140
102
339
410
128
131
303
401
474
102
271
102
390
26
293
32
258
371
118
50
351
419
430
137
375
123
475
220
384
61
73
263
359
396
467
0
76.0174
207
204
35
55
469
425
236
493
337
404
202
208
59
310
482
269
287
494
86
15
497
149
317
117
426
222
146
442
433
361
314
463
192
48
25
398
347
103
127
253
184
457
428
64
26
210
73
123
247
84
191
0
20.1068
359
463
201
375
350
224
389
479
269
107
410
271
253
186
152
219
29
161
471
312
396
404
158
320
448
141
436
24
428
498
209
100
146
140
364
143
320
109
64
474
237
407
317
89
55
287
146
322
209
209
17
71
0
21.5505
395
344
357
321
9
477
481
464
317
355
139
135
7
439
292
188
71
154
244
414
172
108
272
379
95
70
271
340
214
500
198
361
86
474
384
115
1
428
141
280
0
88.4262
198
151
59
18
145
450
55
4
104
313
333
164
227
43
467
434
457
433
50
117
401
294
318
352
26
83
444
344
95
322
367
448
403
286
483
172
421
330
416
453
429
297
61
152
177
451
476
107
0
99.2174
41
159
420
387
334
144
200
29
74
409
262
354
441
242
414
17
85
190
427
58
207
69
136
161
225
360
74
238
272
467
129
62
157
375
142
20
262
494
469
35
186
470
492
252
274
144
494
409
0
12.981
140
389
144
112
50
244
42
245
201
372
120
158
63
283
103
117
404
325
365
176
9
340
466
45
13
302
337
343
288
370
296
403
177
491
122
145
166
306
499
26
322
357
82
440
142
132
8
102
474
260
488
350
329
176
175
392
97
472
78
12
0
14.9572
129
184
44
130
301
461
407
314
114
486
258
475
460
196
449
40
152
34
72
338
429
167
110
138
404
497
210
356
23
279
404
431
74
298
76
369
403
408
395
293
158
2
21
0
76.1081
493
363
289
85
1
449
380
72
233
62
94
288
233
256
437
59
120
69
24
220
91
172
299
342
433
498
262
149
162
55
379
250
305
301
53
473
59
195
410
149
396
310
232
84
45
228
248
368
351
58
204
289
478
0
70.9036
17
348
167
186
208
180
383
342
338
342
340
89
79
422
145
148
185
154
455
187
254
175
261
281
348
186
281
60
401
147
230
231
47
5
225
403
59
134
400
84
61
339
493
93
97
429
290
0
75.6487
58
153
476
205
157
457
491
113
353
246
251
111
134
191
97
142
405
220
455
98
367
298
18
360
374
176
227
415
198
186
182
376
293
188
46
3
152
272
264
371
193
192
38
386
31
218
468
337
248
209
90
499
372
469
493
0
81.8705
440
394
475
313
322
413
107
231
165
155
349
384
111
479
185
347
443
389
108
43
241
160
235
272
420
215
386
240
86
429
329
389
312
39
258
451
144
203
330
281
351
51
362
214
133
323
430
37
17
273
5
250
29
82
0
81.8275
209
12
429
198
373
149
245
379
210
360
38
388
194
83
274
415
497
203
282
94
313
68
435
320
191
313
476
270
64
163
200
175
38
166
225
12
258
398
133
2
85
299
246
355
142
18
423
357
24
107
72
195
271
0
37.4687
453
23
288
222
463
180
301
80
431
3
113
125
234
331
97
265
482
141
460
374
269
201
458
331
192
165
218
27
494
130
24
440
102
407
148
498
34
55
150
365
358
114
360
219
357
100
241
0
43.4377
189
206
451
361
326
429
10
500
318
419
66
373
223
470
460
423
111
159
178
160
114
4
32
148
302
453
465
172
297
258
472
1
453
42
410
197
160
110
328
17
264
133
91
479
155
455
0
27.3817
170
435
27
474
8
190
25
328
235
271
260
241
361
129
32
421
104
135
290
411
21
244
376
153
293
474
416
22
391
388
85
345
409
490
408
32
136
23
91
55
247
229
167
424
123
379
145
76
269
456
307
496
202
116
0
44.6627
133
232
427
42
339
461
107
47
250
104
370
127
314
314
219
208
60
250
208
303
388
490
479
317
304
379
115
402
89
69
232
324
49
295
226
193
72
86
205
115
460
487
327
272
32
212
348
314
0
62.6734
294
233
137
70
119
279
287
132
366
404
479
474
115
184
157
294
483
357
246
448
119
272
323
30
492
386
444
148
426
154
379
79
312
415
203
247
174
477
145
77
347
19
500
212
18
425
364
148
108
12
476
111
366
0
8.1283
389
131
143
27
288
419
265
230
108
440
390
480
238
83
482
195
24
343
245
135
32
358
143
282
136
322
293
419
266
114
307
123
266
82
448
86
182
458
380
60
100
243
423
411
0
9.1094
392
140
494
238
421
259
322
452
463
57
251
424
381
159
126
353
300
172
79
384
185
234
241
425
381
62
337
105
430
443
93
103
184
455
57
101
367
192
29
439
33
31
2
399
255
10
380
152
180
257
140
0
70.6306
292
77
163
46
118
144
108
97
126
161
444
469
405
188
229
122
499
105
264
419
413
174
52
66
200
332
268
419
58
113
239
275
223
331
226
286
22
284
477
162
97
410
281
380
68
461
340
14
122
445
23
146
232
0
55.0995
168
157
484
464
406
268
319
480
490
136
405
287
347
73
463
148
222
380
377
44
1
286
91
322
423
297
425
235
293
37
346
210
103
413
268
297
99
245
52
390
391
315
403
427
233
491
408
405
498
59
0
98.9057
30
357
3
225
242
305
137
150
441
304
1
340
102
164
66
292
286
186
257
344
286
136
277
53
331
436
329
138
299
458
249
348
4
313
273
285
166
366
327
157
25
204
193
389
22
428
299
482
0
93.9845
287
400
455
472
57
156
100
404
78
500
82
205
360
81
307
130
321
112
250
320
14
110
227
470
487
292
450
424
318
166
416
467
222
42
101
360
110
39
479
491
217
168
70
219
107
33
171
436
288
0
44.3866
110
408
375
155
416
239
434
119
362
370
354
32
307
447
107
48
179
78
134
164
7
319
175
142
156
109
399
80
108
377
26
392
133
62
209
435
346
176
314
175
18
483
376
80
258
254
61
203
284
263
76
427
329
219
57
0
0.9648
99
78
26
315
265
332
332
392
277
258
420
428
402
465
27
48
376
495
137
2
101
297
118
200
428
16
68
126
85
263
140
89
290
28
149
496
317
172
19
334
223
431
15
7
7
147
402
288
19
396
439
398
56
198
16
0
1.2219
477
223
104
67
486
315
79
359
295
309
480
303
177
392
391
181
130
7
441
5
397
457
319
119
45
218
136
265
215
275
460
434
458
405
20
415
80
312
385
6
52
135
356
363
46
253
107
320
188
0
8.077
478
150
211
343
437
118
153
473
453
31
70
328
417
66
190
38
415
104
193
303
444
24
402
263
466
391
280
204
449
375
252
90
162
333
271
27
233
297
201
315
9
433
288
297
243
203
237
0
37.0094
312
483
387
171
179
427
498
151
135
441
213
13
419
153
222
392
136
419
174
352
171
442
255
236
299
323
214
483
397
205
118
28
275
459
372
56
128
72
34
440
144
436
155
308
110
212
360
13
0
16.8307
160
159
378
252
56
276
131
33
435
40
421
107
428
86
413
294
498
398
399
17
324
143
44
388
325
13
248
276
268
480
223
46
405
279
204
225
124
386
474
242
240
397
361
15
256
212
398
27
2
301
61
440
116
0
54.0022
345
153
193
99
235
400
399
222
336
212
211
435
402
210
295
250
465
323
369
45
266
475
107
270
119
205
233
486
479
298
449
26
185
170
189
162
459
89
54
282
269
173
10
481
278
125
390
417
405
98
258
137
204
0
49.2493
374
77
344
296
217
77
124
442
196
334
222
279
413
26
207
460
316
75
364
226
239
464
124
344
63
355
185
164
424
14
5
411
209
494
263
491
145
5
224
381
46
277
274
7
327
0
25.3376
274
99
323
65
448
89
171
497
37
487
125
114
204
321
261
390
488
352
56
157
325
357
482
349
186
487
107
157
376
384
72
163
243
189
35
245
235
403
93
30
233
107
155
339
56
103
462
134
170
0
81.5799
279
481
110
170
69
363
142
391
478
491
5
10
315
87
305
131
4
97
208
202
212
439
445
300
273
174
306
177
237
68
378
485
290
377
470
405
80
266
99
455
4
325
93
232
132
166
43
158
485
242
227
61
112
0
83.8625
168
263
342
370
96
261
306
353
497
119
14
36
349
435
18
470
119
408
197
78
257
295
339
36
182
57
382
323
113
446
491
143
403
51
407
246
425
87
218
500
73
321
245
172
497
403
163
364
97
0
5.3204
387
9
330
474
178
249
133
15
390
212
76
448
10
327
56
57
48
321
173
180
232
223
228
252
442
421
336
209
101
97
74
375
190
438
407
221
293
187
453
0
58.9889
224
434
201
276
295
196
252
161
352
192
438
199
116
96
320
102
484
31
479
116
413
244
78
53
308
15
454
15
342
430
161
172
54
322
0
31.121
227
390
474
269
273
155
193
385
485
1
427
337
126
475
218
431
133
352
489
81
48
152
393
333
10
183
347
7
74
60
448
315
318
115
17
330
243
426
460
447
160
262
290
0
71.1902
442
497
437
164
485
43
474
102
431
367
187
289
191
36
54
141
137
252
106
296
49
191
335
312
230
417
69
288
254
495
62
176
218
184
336
423
97
378
489
153
203
161
86
500
340
72
12
343
21
312
0
24.2875
233
58
83
468
222
185
235
299
268
326
72
333
290
451
390
127
181
83
140
430
288
499
453
412
215
351
373
245
164
25
370
383
292
414
74
9
399
118
66
253
228
224
212
437
405
465
330
89
201
0
6.9732
134
168
408
210
479
138
156
116
462
28
60
499
194
369
67
123
372
388
249
116
303
224
464
79
75
498
167
306
479
361
45
263
133
247
304
270
153
392
44
316
77
28
74
276
7
299
84
199
251
465
287
117
368
0
35.8316
43
240
161
314
440
286
487
132
7
446
305
425
137
36
258
19
73
52
9
245
25
106
408
246
292
344
243
405
499
64
30
69
134
377
359
308
208
13
72
368
372
134
26
204
344
159
47
498
95
498
160
452
254
0
37.3455
95
18
51
106
446
70
331
245
125
77
326
109
375
181
378
487
240
157
82
486
162
449
461
264
225
138
53
45
96
157
376
486
495
437
492
172
457
70
116
6
309
120
12
347
318
197
477
0
87.2553
389
122
420
396
117
372
30
219
123
2
210
95
424
215
133
483
101
145
349
137
282
146
452
268
151
471
293
356
7
297
186
181
286
326
178
322
202
428
448
239
371
202
258
451
415
192
125
303
0
87.1035
246
356
64
75
150
110
176
113
120
437
343
378
312
437
138
101
364
478
371
267
310
157
376
175
176
124
205
215
188
286
350
130
486
409
36
307
243
41
206
17
168
350
211
173
124
310
102
58
363
0
0.71806
316
339
256
11
454
16
495
292
164
224
37
107
122
159
123
98
330
422
378
74
163
441
213
215
405
272
398
294
368
287
39
94
375
59
355
192
205
452
398
123
28
325
222
89
462
242
167
198
306
269
486
420
19
465
396
272
232
365
0
10.6579
25
460
437
5
325
69
97
441
356
393
470
82
6
5
467
190
227
54
488
236
41
88
107
235
82
139
356
338
140
373
26
282
139
224
475
451
435
252
379
486
6
481
37
361
440
292
108
97
470
330
38
396
234
235
265
85
15
181
0
95.4977
46
270
151
237
354
448
438
284
441
419
177
448
148
59
398
83
399
390
247
39
87
141
263
292
250
25
194
306
215
164
149
398
290
143
419
120
228
466
119
100
237
378
429
52
424
373
248
125
391
13
0
68.5565
155
325
496
8
180
153
275
308
275
109
104
355
43
18
278
86
389
364
288
65
111
260
160
344
49
436
310
286
309
297
370
163
248
177
14
98
381
485
216
129
343
211
485
141
211
351
203
211
466
0
75.1031
312
274
176
149
458
23
495
392
307
17
105
172
301
246
215
298
188
18
332
78
314
406
451
272
273
95
424
251
305
29
398
60
153
70
92
382
496
453
286
177
44
311
93
338
315
204
195
45
146
434
0
69.3637
214
183
246
56
178
111
245
317
21
490
194
413
224
120
366
268
207
298
9
228
301
431
369
413
284
271
96
194
490
486
341
490
185
62
345
45
425
499
104
199
428
182
132
440
364
43
92
131
135
297
320
215
28
37
413
209
217
0
59.2159
29
266
152
53
58
356
151
35
324
466
40
281
185
14
26
302
129
25
294
214
116
245
32
364
396
352
30
419
128
222
233
137
275
214
324
147
1
88
355
496
77
20
247
283
368
240
97
136
308
256
402
327
376
69
0
42.4617
253
282
173
123
255
238
95
435
489
398
122
37
462
115
104
202
437
457
307
486
170
369
405
414
449
242
450
347
460
486
51
434
162
85
44
282
485
274
270
314
327
113
135
382
54
353
437
193
173
200
25
194
0
38.4345
362
52
117
286
170
485
299
121
104
323
495
237
316
336
63
182
220
244
117
417
59
309
275
71
488
459
460
104
13
74
22
454
353
83
47
37
217
185
195
66
494
373
450
207
229
233
27
119
434
204
0
38.5602
397
357
476
268
112
277
67
181
284
152
487
292
464
184
309
247
26
25
244
325
224
392
471
360
400
377
3
158
317
182
187
446
445
112
218
83
233
231
412
406
251
231
274
22
109
351
152
0
91.7952
2
311
107
287
212
71
299
64
118
459
313
307
139
471
74
330
50
218
189
27
188
464
409
365
188
296
131
320
105
42
118
198
315
68
238
371
97
196
416
139
383
361
24
179
261
252
269
0
69.2704
470
416
467
444
473
477
104
38
109
199
176
252
361
48
15
322
451
389
398
139
220
374
327
301
375
395
30
421
90
198
345
345
203
261
254
458
281
37
57
228
69
384
191
15
405
295
274
144
342
499
446
499
7
0
42.2264
99
479
25
123
76
477
15
317
248
129
209
71
353
153
121
220
468
100
439
209
340
286
399
61
144
380
491
151
276
248
322
245
158
249
402
55
309
331
367
163
180
437
443
233
352
475
19
223
238
335
246
138
0
60.8135
285
324
475
484
229
124
40
84
45
32
165
419
364
87
343
474
22
148
483
283
98
218
3
148
7
394
302
53
400
328
101
459
213
306
492
142
179
262
155
354
286
370
338
381
389
282
354
171
492
353
163
422
493
0
10.23
214
5
70
477
155
99
395
472
497
191
353
364
268
89
192
330
410
347
260
54
37
85
392
365
488
235
131
355
68
259
155
368
311
45
31
157
270
284
212
245
371
280
476
0
44.9927
186
69
344
9
280
23
465
206
338
437
381
142
470
392
280
169
228
388
245
301
381
391
92
258
203
51
395
386
122
138
471
127
234
193
462
417
172
426
122
303
9
382
290
274
66
258
251
441
453
447
177
403
181
350
296
18
0
71.5402
397
361
480
78
252
468
199
380
78
406
74
79
440
464
3
373
166
457
471
50
288
247
97
380
458
497
10
200
208
205
292
174
343
2
241
415
187
477
162
293
29
32
406
152
365
366
434
172
12
412
40
490
83
124
171
484
64
327
482
0
47.1879
37
266
479
483
290
321
173
338
468
86
368
19
121
289
245
124
246
146
100
246
101
110
213
262
214
132
142
386
310
359
133
352
338
349
330
314
164
459
475
214
0
22.437
169
69
2
455
482
147
58
95
151
219
355
355
273
185
460
361
324
57
62
30
184
159
108
319
475
89
397
104
84
473
336
60
64
141
277
154
181
356
165
437
157
210
311
58
293
186
479
40
19
171
9
395
349
405
451
493
19
0
28.5102
491
232
499
474
467
498
282
422
302
156
89
355
389
317
174
430
122
436
198
479
152
255
382
183
363
245
193
294
57
211
128
457
8
120
70
389
318
362
428
317
224
153
219
321
486
60
482
9
479
0
87.4676
379
327
407
213
322
49
32
229
413
207
232
474
391
319
202
320
302
193
140
255
113
450
458
187
178
107
177
269
476
295
488
400
24
203
253
319
429
272
324
7
303
146
382
119
359
379
327
259
498
281
0
46.0971
92
34
102
359
186
145
379
415
278
222
120
108
18
102
249
473
199
1
406
102
443
317
296
228
493
348
151
86
358
140
363
352
381
130
497
78
371
274
166
383
410
445
239
319
387
157
424
354
42
352
134
405
129
197
0
69.2397
333
331
318
218
153
13
495
388
77
332
19
261
389
290
435
118
251
10
250
310
297
208
356
147
141
469
493
423
39
229
216
89
347
312
396
301
43
298
6
358
191
209
178
0
79.1506
356
300
125
112
239
209
338
231
386
21
343
360
13
342
326
310
188
465
21
53
233
188
215
78
417
490
196
223
212
412
157
142
260
479
408
277
187
321
459
2
417
451
367
2
63
225
480
204
300
44
472
16
247
0
9.8097
253
64
70
298
398
240
44
403
215
307
481
351
176
294
281
417
471
381
96
484
45
94
190
33
357
402
225
78
407
135
88
137
495
285
456
496
227
459
409
8
197
242
483
145
395
205
340
292
254
189
0
35.207
367
380
35
160
151
32
433
475
120
452
471
23
58
105
499
362
102
213
97
104
158
499
305
267
263
37
182
138
317
268
437
7
340
427
77
279
98
151
249
183
489
148
196
51
45
477
11
420
90
70
199
87
245
284
459
245
210
126
217
44
400
0
37.5703
174
424
364
370
299
269
492
476
399
156
3
423
353
228
37
323
199
103
250
479
248
375
185
202
445
81
25
409
307
256
63
213
321
360
406
303
155
63
321
260
88
305
5
245
328
313
384
185
436
72
438
10
112
36
0
35.2798
165
131
420
404
80
375
438
420
159
99
424
69
220
428
95
495
344
145
446
202
445
449
426
236
86
209
164
401
499
9
58
294
446
22
231
26
98
138
253
189
133
175
266
41
339
259
443
34
154
206
0
57.1805
484
291
208
227
309
258
228
466
176
442
434
396
468
453
421
358
418
242
500
437
225
73
92
155
69
237
343
321
376
386
310
494
131
332
10
315
142
227
73
378
58
51
0
95.0047
245
371
490
459
328
38
242
340
263
228
191
273
146
299
414
485
202
438
448
459
182
222
333
179
195
28
224
422
326
270
315
419
3
372
318
452
289
36
215
41
43
58
158
103
353
292
247
313
0
96.1092
99
403
199
111
422
14
351
417
420
481
403
172
490
197
444
45
331
360
103
57
252
193
403
408
278
275
476
329
232
38
442
254
9
421
313
348
420
21
391
123
312
424
280
257
210
0
47.5797
269
270
162
380
85
51
86
406
318
103
425
365
177
273
118
364
178
59
153
179
497
6
212
286
289
412
464
492
328
409
187
202
468
498
24
142
75
362
114
356
388
33
475
387
36
359
14
155
0
61.2192
292
283
475
344
295
9
215
195
195
307
274
225
149
9
161
422
48
292
252
186
124
23
468
161
48
211
257
398
310
76
471
278
255
104
224
393
403
371
323
0
43.6091
321
369
262
310
424
314
99
447
73
14
67
368
214
74
64
422
170
155
328
274
35
261
313
144
192
378
18
117
18
173
285
278
274
311
176
83
182
367
209
102
145
318
50
86
374
418
17
416
249
198
27
323
284
283
478
334
19
0
64.7548
498
272
479
439
147
70
261
471
79
22
192
139
419
77
144
311
277
339
486
172
50
89
364
72
105
323
50
483
368
168
175
236
417
263
299
42
388
355
294
415
490
194
337
466
264
446
223
239
3
157
0
40.1864
199
26
62
278
118
318
472
84
166
176
304
496
270
121
328
464
80
248
411
417
277
343
441
14
68
442
330
298
32
461
327
491
285
205
262
254
407
95
411
265
134
251
33
401
489
370
97
500
465
274
0
72.0881
187
47
134
83
355
349
402
327
133
86
412
224
198
94
210
127
101
425
481
263
222
354
453
223
205
372
172
336
462
311
98
233
466
43
453
135
27
294
400
455
450
254
170
113
0
99.434
90
153
215
84
118
478
445
270
45
323
221
227
462
296
489
239
376
238
27
144
197
237
128
115
49
78
50
39
226
182
196
5
428
372
216
16
496
58
126
378
414
211
419
354
499
142
265
84
146
157
0
21.1273
96
206
374
129
163
325
484
80
16
155
427
390
238
341
490
465
486
165
143
323
73
408
359
120
79
247
373
146
99
127
91
4
200
340
207
170
90
321
301
36
170
113
256
370
406
453
370
0
83.33
44
189
332
176
131
176
366
444
446
239
74
67
196
167
331
58
465
178
488
99
129
144
388
208
69
246
471
244
478
348
484
237
86
420
214
326
10
447
401
271
328
361
72
438
464
396
439
383
240
386
51
183
143
51
32
0
28.5679
41
367
425
444
292
68
468
107
182
72
391
111
496
150
435
189
340
449
329
460
350
244
305
399
362
304
429
482
400
100
431
247
157
426
428
312
65
76
197
201
440
478
368
472
149
358
0
62.9445
419
142
40
11
454
297
258
438
60
153
218
117
344
493
111
100
417
314
425
51
76
134
477
136
287
164
88
335
338
22
45
382
179
392
171
270
157
10
458
403
413
365
352
75
422
37
186
415
408
104
73
170
464
0
62.1701
205
52
263
340
134
242
89
232
142
103
469
358
234
196
305
346
116
422
140
499
482
207
401
427
85
28
385
198
204
81
134
438
8
363
283
496
103
409
215
454
466
352
241
83
233
329
34
16
0
20.1188
18
270
288
380
378
86
356
458
234
451
405
73
102
265
36
422
416
240
407
360
470
341
469
105
391
165
343
492
298
291
245
489
9
498
399
77
52
294
103
410
130
396
192
493
132
33
185
227
55
177
121
296
50
306
388
195
145
0
60.936
98
237
203
351
437
206
304
93
61
159
308
115
120
158
332
374
394
47
304
400
296
334
114
227
486
360
107
402
139
248
265
13
445
423
338
100
7
167
136
150
0
53.5266
217
253
232
409
263
148
79
69
468
258
235
126
108
341
360
12
295
259
487
392
131
168
277
323
231
138
480
315
384
148
287
479
464
477
321
138
347
85
22
185
250
208
159
89
224
245
96
23
30
468
294
21
243
309
0
53.6225
98
356
315
70
179
327
14
68
482
118
52
269
314
434
464
399
223
103
23
444
140
20
66
17
122
77
27
354
454
278
334
188
251
104
303
313
27
179
127
0
42.7972
379
85
293
79
114
357
213
117
372
121
18
163
474
6
263
100
313
90
76
469
233
337
252
369
447
106
347
418
357
285
370
340
427
67
165
395
8
475
248
48
299
163
266
164
236
479
404
163
169
487
213
328
84
125
57
0
23.149
388
46
350
79
199
434
400
359
172
4
305
189
134
281
355
20
498
155
442
142
410
474
31
268
498
295
444
439
410
412
58
437
152
160
56
362
288
271
92
148
361
77
218
19
128
367
492
494
80
376
45
320
282
0
37.8489
213
401
178
175
51
476
249
199
481
413
407
40
46
170
110
173
53
300
164
382
481
449
453
193
42
342
61
254
90
119
322
244
173
393
111
284
442
379
202
466
83
313
300
148
382
171
160
454
106
49
241
132
0
30.9262
173
443
348
328
325
350
421
9
391
123
51
38
179
367
74
192
178
126
402
303
344
272
399
178
433
151
317
35
218
21
202
257
250
9
297
26
467
146
115
71
320
44
82
184
212
237
177
150
496
0
77.9642
87
27
340
161
129
420
240
351
232
308
486
139
74
267
321
63
99
462
182
153
410
363
126
42
297
145
13
216
482
476
326
494
19
238
250
235
201
495
275
158
150
328
63
286
302
433
498
35
346
240
0
21.5109
496
13
457
386
199
299
341
457
109
465
469
220
187
283
22
266
206
5
4
318
422
104
479
307
252
31
127
199
487
93
159
342
91
431
63
111
438
113
326
301
7
474
67
497
374
3
291
230
119
147
3
186
388
32
0
51.3749
499
107
318
6
299
75
263
384
204
114
124
109
346
138
322
125
214
355
454
315
137
279
409
367
277
170
463
109
130
398
218
191
22
162
444
381
116
58
223
8
230
62
178
360
39
52
409
14
263
229
437
277
270
0
85.1694
189
348
77
171
7
307
135
244
249
252
124
49
42
81
300
276
163
339
113
149
419
29
482
376
1
447
194
443
483
198
470
330
417
125
116
282
333
271
445
409
433
150
235
210
310
392
353
418
225
0
61.0778
21
220
145
200
92
427
362
268
363
255
98
59
1
496
235
49
460
478
94
329
137
224
463
421
290
301
483
374
198
81
150
44
345
123
375
259
227
352
377
443
177
357
333
372
417
0
34.8859
305
141
427
184
325
401
394
8
37
367
209
154
465
223
251
302
224
426
241
77
333
287
249
76
139
325
297
439
145
333
114
377
385
378
217
462
249
244
442
93
64
107
97
152
468
217
221
446
264
449
83
33
0
35.2305
318
362
201
135
291
74
403
467
141
184
44
479
117
37
441
260
465
311
181
362
197
448
88
247
471
370
223
364
104
317
18
138
364
408
58
21
43
393
232
368
468
0
