250
100
94.5027
48
93
40
119
116
108
103
113
32
76
165
26
41
184
227
52
50
9
189
126
105
138
87
180
225
40
0
39.499
228
3
92
186
215
95
213
134
79
146
140
17
213
174
82
72
216
164
140
97
38
77
21
10
244
106
0
29.2363
55
91
100
53
19
39
118
81
159
233
81
158
150
39
70
187
236
174
38
22
81
128
164
3
112
0
26.927
80
206
215
10
95
52
201
221
172
50
158
196
133
27
3
215
193
196
12
215
233
233
155
218
218
0
53.4107
213
50
245
46
129
243
78
47
14
163
114
183
34
214
211
207
73
194
144
236
152
44
140
191
238
124
47
4
115
0
14.7413
223
3
97
40
153
110
196
27
170
140
207
174
171
171
191
234
97
120
161
143
8
62
156
155
220
58
113
0
69.4594
211
174
93
50
183
238
192
128
15
10
63
4
26
68
21
37
183
110
121
202
111
83
234
54
84
0
55.6418
221
140
128
147
169
122
17
48
47
1
19
5
194
210
154
67
215
130
223
210
20
35
141
223
80
166
34
124
12
0
15.5574
114
170
180
229
110
72
227
78
199
92
122
25
59
76
10
129
68
159
232
248
52
83
0
43.6903
242
158
60
214
95
39
101
19
193
98
128
31
26
209
135
2
222
219
247
41
209
110
0
32.3435
214
74
136
110
220
224
24
210
101
115
38
228
210
8
140
116
38
123
30
191
116
0
83.3376
92
154
191
113
151
144
40
27
110
197
198
200
227
149
6
58
72
21
49
72
214
18
0
37.69
18
10
54
236
84
131
101
112
217
144
116
93
180
193
66
21
27
152
33
107
99
229
152
93
26
0
93.8757
63
150
189
205
212
30
65
90
225
70
15
241
112
138
71
237
178
152
120
141
138
79
217
47
2
0
48.4407
190
81
26
249
54
52
76
201
211
78
108
224
236
29
20
66
206
233
90
38
57
65
47
168
197
44
0
66.6978
100
12
168
201
125
103
42
238
226
25
228
12
15
139
176
197
38
115
32
10
79
198
199
215
45
40
73
0
98.7079
165
182
14
81
228
237
228
199
137
86
45
229
132
84
129
83
89
207
175
123
152
209
145
154
196
28
190
0
86.803
117
102
163
223
6
94
172
147
228
184
14
204
56
163
214
160
58
205
33
240
5
63
84
100
5
85
189
0
40.4053
31
25
20
174
188
212
172
167
238
117
97
12
144
37
205
204
65
241
99
93
207
82
221
168
0
98.3701
21
165
218
152
69
152
231
24
105
142
71
57
125
198
56
106
114
214
24
139
202
195
131
140
0
28.7393
104
24
222
10
115
179
180
112
243
167
85
54
71
126
165
149
231
99
133
33
121
166
56
159
84
0
96.14
162
234
212
71
47
174
190
230
86
158
125
201
178
151
18
165
71
85
214
122
59
7
122
139
155
0
9.3546
39
250
9
20
49
3
120
133
115
244
115
152
7
9
40
198
31
128
249
145
207
125
172
127
0
84.773
106
182
205
72
112
147
221
146
106
73
36
176
49
165
247
105
96
78
25
206
25
208
173
213
0
72.9332
143
196
9
187
241
175
29
128
124
20
76
173
182
81
150
78
184
33
8
122
205
236
54
183
93
239
27
229
197
0
79.4995
120
144
55
230
3
215
168
173
129
2
132
8
180
66
101
68
7
199
17
50
216
133
228
51
125
123
218
124
0
70.7657
247
18
178
149
152
132
82
90
202
39
162
18
155
30
133
156
232
75
117
7
220
193
62
0
98.27
42
38
109
228
95
120
171
133
30
238
247
74
193
80
207
245
200
61
1
203
193
22
181
99
23
48
227
0
76.2725
13
20
163
233
217
157
119
247
119
139
194
56
52
91
105
16
30
51
192
209
112
216
0
41.6263
130
156
179
201
242
45
187
29
116
182
131
128
62
138
13
245
197
11
184
21
244
236
203
7
232
33
0
50.9859
76
25
51
84
83
26
203
133
179
240
18
96
91
79
229
3
221
196
24
38
199
19
204
4
172
0
11.6561
113
225
99
90
158
120
121
56
9
202
24
151
211
9
138
39
51
60
147
163
200
243
30
174
202
181
0
82.6905
235
76
175
176
243
11
105
174
10
166
213
213
244
180
6
148
190
201
32
28
189
191
209
0
98.2604
236
27
11
214
248
129
77
218
153
98
110
211
41
71
14
87
154
208
114
169
51
0
90.238
79
13
21
149
141
187
151
196
57
235
219
90
64
17
226
223
22
54
155
191
20
122
236
141
213
91
133
205
0
66.1706
162
129
240
2
114
189
111
226
186
86
56
68
232
31
105
184
119
90
141
178
134
112
40
206
234
105
150
132
90
0
61.3375
172
89
125
138
159
215
9
226
74
248
248
4
166
113
136
40
33
12
209
180
45
170
244
54
126
40
205
0
57.9852
146
1
3
68
174
247
205
30
124
244
46
149
117
200
98
205
192
6
168
53
216
183
227
0
57.0252
97
144
28
5
58
205
6
205
27
17
199
212
130
41
126
112
218
64
176
17
122
245
12
85
88
222
0
89.0601
233
109
3
200
234
153
197
55
99
31
169
210
16
250
146
36
31
123
181
147
216
24
0
61.9596
175
163
240
136
4
208
246
72
231
211
187
211
137
10
188
239
101
217
195
193
165
0
54.433
23
236
102
201
168
227
4
29
112
222
121
49
129
167
131
239
119
188
143
190
146
150
96
232
88
0
91.8696
12
74
113
109
59
105
139
169
162
124
184
159
113
47
192
76
100
24
118
81
147
136
132
79
79
0
35.8573
219
156
130
197
172
50
194
61
149
247
243
57
91
36
70
45
70
35
78
92
16
87
29
12
45
215
123
176
216
0
35.1718
59
146
1
230
58
11
43
162
45
153
64
140
134
23
41
54
44
25
42
212
124
41
36
186
92
102
0
21.8214
46
248
211
24
74
130
14
172
71
138
134
182
140
108
198
226
16
63
246
179
5
0
52.7495
60
237
95
21
15
118
32
126
134
226
129
13
35
158
194
113
108
145
218
138
149
236
122
0
16.1066
136
64
131
97
65
104
151
42
162
137
103
211
179
99
40
99
45
177
106
85
226
0
57.9101
70
174
76
156
241
143
99
217
106
199
2
242
182
42
43
140
91
124
25
245
100
212
228
88
141
1
187
231
0
75.7179
203
199
218
84
58
206
238
134
134
245
72
95
122
143
186
139
172
237
75
103
119
54
185
191
0
27.5113
193
46
17
114
112
241
240
226
24
101
220
149
64
237
212
191
2
121
152
108
52
176
221
25
226
24
0
91.0622
40
217
66
37
159
80
120
218
135
85
222
161
39
202
202
23
218
229
105
164
179
153
14
40
248
186
0
50.8844
126
147
83
96
97
130
90
66
89
49
167
129
5
129
94
57
70
61
114
143
0
33.0463
210
132
142
69
8
243
25
96
23
48
117
148
183
59
159
233
125
210
180
95
89
245
57
79
0
42.891
164
137
229
233
245
13
57
80
185
24
92
47
145
101
147
163
103
136
71
35
27
201
174
143
20
101
141
128
0
16.5142
148
155
69
215
209
81
203
124
86
41
108
242
131
218
103
9
81
152
205
135
64
141
249
206
164
0
94.4525
125
164
162
66
250
217
237
64
186
194
41
119
48
195
146
130
62
106
128
68
30
234
39
0
92.4138
223
223
188
9
65
105
6
129
87
37
124
230
20
121
8
110
88
133
135
60
136
115
149
103
161
45
46
50
71
134
10
0
42.0088
3
148
184
176
188
210
129
168
145
103
3
30
162
195
155
75
132
145
158
3
172
6
71
50
200
210
0
44.1013
84
54
208
12
34
205
99
157
209
168
59
108
63
140
138
234
114
135
0
41.0768
18
76
82
150
188
230
246
221
241
103
202
54
132
33
167
54
177
18
23
38
78
155
81
193
212
0
4.5265
156
114
50
187
146
91
92
114
48
61
232
106
24
127
35
12
61
1
42
101
227
232
2
48
70
43
0
81.2949
140
224
10
209
132
183
9
227
11
34
104
172
129
188
108
224
115
159
13
198
184
220
72
244
102
0
36.5435
159
173
107
224
59
124
107
57
167
155
76
199
162
173
136
200
61
209
3
212
46
107
178
103
41
20
0
6.096
85
173
177
143
149
63
186
24
8
157
166
223
64
51
3
133
110
178
6
167
214
99
104
0
59.9236
14
216
151
198
117
126
7
24
164
240
98
152
239
51
10
221
145
22
94
108
135
250
0
95.5223
62
47
113
221
80
149
244
141
232
103
80
139
211
191
21
203
47
38
36
214
18
142
156
211
97
137
47
130
0
82.3556
200
40
187
188
148
150
111
95
43
212
19
197
177
51
161
109
22
210
206
107
160
202
147
188
72
0
42.8516
106
16
3
111
157
26
88
39
205
21
41
40
173
136
124
47
65
131
90
66
240
171
230
0
11.5609
149
168
45
78
242
5
136
181
111
240
103
49
48
95
28
35
23
117
117
47
70
10
127
162
0
76.3045
231
99
50
192
116
49
96
108
190
234
203
73
125
107
155
196
156
54
204
205
42
178
0
84.025
16
157
29
128
185
186
44
60
88
61
122
185
60
45
3
192
50
70
112
103
123
193
211
122
73
0
40.8451
135
95
243
139
4
191
136
117
56
30
214
56
135
240
155
99
58
158
192
169
227
159
209
73
88
233
181
0
25.5283
130
137
200
40
162
217
124
107
34
93
170
154
74
200
241
84
128
69
182
124
186
35
108
0
56.4064
219
40
56
174
54
211
36
211
134
93
76
53
152
57
48
177
192
90
243
178
61
30
41
71
37
0
68.544
108
38
176
85
92
200
23
157
77
235
13
122
18
88
148
50
66
59
84
20
55
113
160
0
28.5593
228
15
178
54
195
192
186
149
44
80
250
106
111
19
37
29
130
179
177
98
141
134
118
114
169
198
0
71.8569
142
239
201
174
130
141
156
158
248
129
69
64
142
125
163
99
189
124
164
22
246
13
238
0
94.9918
32
62
196
247
224
42
64
149
185
78
247
188
4
78
77
196
179
206
4
39
201
163
205
203
241
182
0
0.90112
43
19
2
44
6
47
29
86
27
67
40
119
77
236
106
174
143
39
121
22
215
105
194
165
0
36.9765
207
207
196
165
147
143
228
71
3
29
103
129
153
228
117
45
18
26
18
16
179
123
50
0
37.9247
146
42
10
212
52
87
53
125
72
229
58
162
190
23
216
175
146
154
212
136
85
243
192
84
86
33
52
48
111
0
17.5753
247
239
122
231
106
153
202
30
219
96
170
218
12
41
139
157
220
47
130
143
136
59
9
208
126
0
48.6169
18
187
51
78
71
103
179
161
16
7
81
56
229
250
116
118
115
39
112
199
0
18.662
10
108
192
16
167
139
195
15
105
181
10
207
219
54
219
180
159
12
81
191
190
88
129
151
64
128
80
0
59.3525
72
103
219
188
249
219
75
77
247
111
204
196
208
167
217
209
230
58
124
129
120
156
0
79.8957
70
82
117
42
131
220
130
95
116
59
229
142
95
51
239
95
26
58
105
143
37
243
49
33
116
0
67.0828
154
129
226
181
144
206
5
43
60
39
58
24
35
115
233
66
179
69
216
143
95
68
243
159
181
192
95
236
0
32.4634
55
197
124
18
51
1
55
129
88
146
35
208
174
239
119
171
86
204
46
247
66
143
0
20.94
242
72
84
125
86
175
226
220
37
75
70
153
103
241
164
9
156
210
208
34
22
151
0
59.6352
177
57
9
82
92
106
36
249
141
142
206
194
167
128
98
156
53
199
241
48
199
227
212
16
106
66
13
134
53
93
235
0
79.6752
164
214
124
49
200
53
219
228
218
188
231
163
139
15
201
67
205
246
188
70
200
42
183
220
4
173
168
0
47.4762
54
201
96
2
103
179
209
64
199
66
211
55
54
156
200
161
20
156
184
196
6
176
43
7
0
73.2302
106
102
34
112
100
30
201
152
91
101
204
148
235
35
181
193
199
84
82
13
78
225
65
1
90
48
0
89.5307
228
242
107
15
112
105
206
183
43
32
10
139
222
23
189
46
74
172
46
99
74
232
9
159
66
66
220
207
0
43.3616
82
139
95
120
38
31
130
113
171
50
229
237
39
27
170
119
210
171
220
244
5
212
9
0
48.1881
121
234
249
129
63
96
151
91
246
225
23
170
169
46
67
117
210
36
12
0
84.4024
234
157
158
219
126
242
145
38
46
98
220
230
31
117
9
64
112
131
244
31
29
101
14
6
101
96
133
0
89.6782
34
234
237
133
211
27
19
248
64
154
250
205
17
250
94
137
232
15
140
144
226
116
158
72
163
247
182
0
5.7787
160
228
216
216
144
29
176
197
26
137
197
94
83
244
100
46
240
101
246
145
62
113
82
217
116
18
195
0
