500
100
15.6956
259
243
298
321
129
451
150
487
222
49
209
431
147
310
65
46
361
362
437
72
295
469
408
367
209
465
117
329
288
468
370
381
129
212
89
328
440
102
2
72
377
195
399
230
397
269
0
22.2965
397
128
112
287
395
393
280
143
124
314
399
471
246
249
11
322
494
332
446
389
411
242
256
78
223
317
457
466
98
320
207
447
365
295
423
172
369
135
475
249
232
0
92.8668
442
476
472
185
280
497
390
45
81
428
22
377
361
108
395
260
110
483
274
349
67
364
55
426
328
122
487
328
424
84
45
266
309
324
191
308
269
142
28
13
206
52
98
218
91
193
14
173
265
493
0
57.7361
184
289
492
491
487
368
216
6
284
150
471
16
147
292
86
101
478
269
380
356
490
451
33
175
454
7
472
116
292
287
152
251
48
76
199
385
169
236
37
108
458
6
486
164
47
22
244
347
30
219
444
210
161
0
74.6948
434
237
491
183
59
197
233
22
305
277
90
33
464
453
161
450
414
297
40
195
66
300
247
390
14
227
23
308
135
102
185
34
417
180
192
443
119
29
481
231
0
83.1982
435
398
141
483
274
478
219
337
478
363
177
166
392
310
233
337
57
252
179
68
58
89
309
344
109
287
128
363
389
143
369
462
271
351
289
348
174
222
38
176
199
152
442
97
1
173
298
35
392
489
427
0
58.2791
395
342
196
344
239
100
377
305
93
154
498
344
348
338
168
269
200
208
378
24
44
314
261
216
24
303
179
384
182
347
433
385
490
449
103
4
88
347
53
304
374
29
90
14
404
471
228
293
28
103
368
68
460
0
47.6654
386
210
463
383
496
228
119
78
207
102
353
78
460
101
250
262
162
188
346
183
16
331
52
271
242
241
1
128
358
286
351
471
294
64
129
140
154
245
50
193
398
276
145
137
224
480
252
213
330
289
450
381
143
438
170
389
453
481
401
214
260
392
323
0
85.046
43
370
321
466
455
292
147
213
324
342
186
59
381
441
89
116
109
1
39
408
260
236
214
183
28
398
179
406
58
15
424
432
316
73
469
474
139
4
49
2
220
335
37
159
285
202
51
259
19
66
410
186
0
82.9905
129
252
433
248
435
440
398
408
29
309
28
100
369
199
125
351
25
20
480
141
254
94
429
350
45
199
438
32
71
355
408
196
324
443
56
7
485
129
155
400
35
143
115
454
128
480
488
339
46
53
67
0
10.1949
461
284
400
195
80
295
37
312
76
296
106
168
497
442
86
208
235
206
344
445
128
59
5
337
31
341
286
314
12
179
419
236
461
329
118
124
159
95
18
444
154
287
181
362
175
306
178
446
104
341
389
98
0
70.6559
48
306
270
97
246
183
477
434
312
154
452
495
106
390
335
276
42
480
93
242
304
362
347
375
25
406
473
404
438
418
112
290
353
469
316
346
492
143
140
133
306
460
164
237
209
425
185
33
0
39.8969
295
353
197
448
10
118
234
65
455
350
45
159
154
157
1
433
290
153
257
207
186
471
358
22
187
216
493
186
444
205
456
14
298
60
142
97
69
145
152
138
290
3
493
11
339
102
300
190
0
10.7129
196
386
470
75
7
37
89
219
442
58
106
272
422
268
62
293
13
327
427
55
329
297
202
331
47
136
460
495
172
99
61
27
67
398
327
101
130
111
210
105
155
48
408
396
373
98
437
461
432
8
0
80.0354
221
290
205
33
286
406
455
58
107
222
80
308
77
314
305
380
50
90
87
246
390
156
422
288
138
462
38
318
486
489
275
467
452
176
368
283
48
18
0
76.9541
96
470
310
96
77
424
438
414
488
451
144
423
98
259
491
114
498
427
153
42
466
27
392
51
139
472
197
392
294
198
94
280
19
26
68
413
248
46
466
490
89
197
479
459
481
255
98
155
136
0
90.9816
403
206
150
391
115
407
430
214
353
218
402
276
123
182
166
335
114
40
248
398
339
133
262
51
268
460
301
424
464
475
74
186
475
277
359
411
277
372
363
88
81
250
329
165
374
92
269
147
44
0
37.7811
61
191
214
202
443
59
103
175
149
2
138
356
306
296
406
255
192
348
118
279
71
94
183
289
492
292
184
67
155
269
289
370
397
121
492
253
490
93
156
127
284
433
194
226
431
13
255
129
280
275
373
231
157
292
3
34
409
54
0
7.3208
342
240
44
5
244
242
250
498
288
284
193
276
62
207
444
81
411
159
449
437
466
452
121
340
261
471
445
186
17
484
79
388
47
208
173
396
209
149
118
122
162
475
500
350
237
349
48
279
301
92
475
373
335
66
477
344
80
297
280
36
488
0
30.6627
46
294
278
42
76
128
175
284
172
356
168
38
210
203
208
324
451
329
452
346
286
486
219
337
107
257
3
7
426
239
182
355
283
170
55
245
138
145
217
180
18
85
350
428
0
2.7771
467
220
280
354
156
187
439
55
475
470
428
422
320
111
330
1
466
387
379
162
187
481
269
411
455
42
105
135
251
357
474
213
84
442
48
145
273
220
278
290
61
374
379
256
76
326
150
361
42
374
256
403
321
0
35.9148
378
270
315
267
475
66
413
185
121
200
447
43
109
370
470
158
411
123
325
182
34
384
239
294
220
476
17
223
192
252
135
88
468
15
130
50
101
159
318
207
325
381
226
449
131
215
60
0
39.3285
277
380
84
443
280
360
270
397
174
319
229
464
417
400
246
228
57
29
92
355
467
242
71
53
174
325
154
197
37
336
413
434
164
196
184
316
86
311
304
150
111
95
202
10
0
56.7521
3
114
23
377
441
107
371
192
224
415
432
133
23
329
193
186
319
236
302
465
268
30
278
437
104
357
26
316
164
51
61
226
237
142
144
438
438
500
238
2
345
112
90
465
252
116
105
468
246
105
452
270
59
124
390
432
59
296
0
59.1211
108
157
292
332
251
147
295
277
293
394
244
475
17
264
15
445
145
341
160
68
238
490
15
56
214
420
230
11
249
418
368
399
70
405
336
300
210
109
360
466
335
392
132
150
500
287
112
35
256
157
473
307
353
288
354
82
428
455
0
74.6059
445
149
30
130
311
84
352
109
54
280
179
292
225
309
100
447
423
43
228
205
77
212
145
69
256
69
393
199
67
309
418
158
48
380
119
250
254
316
189
196
21
211
76
336
91
109
185
116
59
245
135
372
166
141
421
0
42.0574
299
248
31
342
85
398
106
74
443
201
273
9
92
458
38
292
420
321
59
364
325
335
296
480
243
472
23
213
158
415
113
173
137
458
20
247
246
284
95
419
109
202
70
210
314
367
304
192
406
56
0
10.3462
496
289
446
24
61
178
272
13
78
176
457
34
371
202
399
103
446
499
109
369
380
361
31
64
451
12
438
486
490
62
30
154
379
111
406
152
115
212
465
242
306
410
237
190
483
270
486
202
263
294
0
6.6145
31
267
330
495
458
325
189
106
160
369
212
264
240
391
402
441
329
128
410
298
115
135
71
274
288
120
67
90
462
148
37
190
467
133
100
163
213
382
464
368
151
208
249
285
455
84
260
170
241
222
0
23.3609
67
304
97
40
269
416
467
86
172
110
251
462
69
488
418
446
60
389
62
449
430
344
309
260
44
500
271
388
9
282
279
261
71
75
384
473
319
338
87
121
165
172
165
38
251
310
462
335
32
98
217
27
192
172
228
0
84.3999
31
367
281
271
23
89
322
403
320
302
231
314
353
390
277
233
383
378
446
332
269
9
433
278
429
413
217
94
417
386
278
363
366
410
18
158
7
330
423
484
179
303
156
364
348
166
103
108
34
292
240
473
450
206
395
0
67.9365
273
305
63
99
311
177
400
380
6
60
297
446
370
325
336
68
460
283
65
16
278
224
482
119
468
408
334
60
250
218
432
181
384
386
218
491
441
0
58.8157
284
464
58
246
442
223
165
497
177
245
90
499
241
162
496
305
451
470
493
139
148
341
426
227
458
351
165
106
317
486
283
325
236
90
422
391
432
311
445
495
21
291
147
489
60
49
248
190
196
0
54.9046
272
6
132
464
87
495
21
280
107
130
382
288
259
4
46
88
411
136
51
38
288
460
25
471
434
198
393
222
294
210
488
451
404
136
267
371
230
381
270
479
476
498
144
0
59.0268
398
156
293
228
104
47
117
332
380
143
268
310
444
137
345
21
134
81
14
280
225
26
194
165
214
149
334
328
286
459
478
473
493
282
445
422
57
263
217
40
386
32
243
398
206
328
171
406
423
53
91
92
0
21.6115
313
167
303
83
244
480
224
138
50
495
273
143
152
14
374
160
433
440
156
112
171
151
487
30
179
161
230
228
291
390
417
292
168
63
6
107
316
129
184
190
435
310
148
101
134
301
214
244
67
393
205
84
0
93.4699
279
438
12
59
102
329
440
385
154
204
235
146
40
41
423
396
147
37
347
222
302
40
279
66
120
56
40
254
274
465
196
73
75
262
17
493
490
332
19
135
381
431
253
168
1
465
207
273
372
268
31
292
55
107
440
103
179
447
322
258
159
0
1.6413
251
262
242
29
419
405
271
284
54
134
435
162
118
176
221
470
354
84
254
124
142
449
195
252
474
418
452
313
118
461
424
99
459
236
98
88
491
301
454
7
498
149
14
145
326
25
500
261
0
23.0434
146
462
126
292
311
167
404
365
191
282
318
250
327
369
146
481
20
437
254
343
266
359
62
280
249
110
500
362
224
125
330
115
12
348
144
184
476
284
495
235
62
5
493
231
323
478
197
430
324
0
26.5218
231
430
282
446
398
303
485
334
371
141
273
311
414
492
76
499
121
212
240
451
454
438
368
28
292
494
33
332
246
424
149
63
263
405
498
103
453
28
465
358
157
277
212
220
2
62
50
201
118
256
239
91
30
478
433
197
0
50.5073
336
470
404
284
49
301
285
370
24
430
360
179
462
83
50
131
465
479
85
321
419
49
490
35
253
134
410
438
431
458
278
160
499
107
218
393
396
269
434
363
11
47
55
116
60
497
134
202
414
355
161
476
0
1.3569
203
488
92
251
449
426
232
100
431
391
66
118
183
9
145
448
381
292
295
120
266
380
389
47
260
339
6
79
438
230
187
114
112
370
98
353
163
477
320
411
168
366
484
195
141
243
0
24.2776
232
337
355
256
312
122
310
446
285
25
289
412
315
442
434
86
390
286
103
36
8
319
15
240
101
237
83
491
343
219
465
328
396
55
100
319
139
459
141
413
210
130
168
95
307
247
493
272
169
331
236
381
230
314
225
326
304
0
15.1034
489
415
485
393
96
20
440
180
82
475
441
183
326
473
225
486
434
299
386
235
183
232
404
33
416
282
337
282
186
121
277
362
50
334
346
34
498
31
36
208
463
433
465
180
83
400
131
185
480
23
472
492
356
30
0
20.2831
370
473
404
245
220
158
482
250
409
411
398
119
483
470
268
216
173
216
38
72
50
72
192
72
257
267
8
77
5
260
278
495
80
150
53
246
1
205
233
24
385
335
286
498
376
121
267
444
64
195
347
0
67.923
324
348
229
456
339
299
471
342
401
260
322
94
384
43
134
20
182
355
415
324
188
451
491
491
24
335
363
227
76
465
228
371
277
49
39
276
67
11
14
97
159
340
478
268
0
78.5782
445
282
210
105
308
488
136
337
279
328
22
468
343
27
50
376
417
178
468
27
357
152
460
292
437
412
121
68
377
194
467
83
268
147
473
18
355
286
186
11
147
487
219
229
94
18
307
69
124
111
164
300
5
31
98
411
0
26.0118
223
132
97
438
53
274
430
188
463
46
434
122
405
189
363
75
339
5
34
166
311
292
410
333
443
411
206
455
368
264
298
261
327
272
170
454
361
296
99
489
463
238
38
0
35.644
244
284
426
324
420
478
199
151
27
68
431
158
440
290
48
47
454
388
408
220
203
257
169
404
277
170
118
434
398
280
473
238
148
372
261
147
338
274
406
355
400
358
299
176
0
93.8003
260
290
126
379
446
101
456
5
349
272
102
156
48
234
395
306
138
250
460
388
392
185
468
172
67
297
399
433
1
396
123
397
187
161
350
63
205
465
69
372
28
373
230
303
476
275
461
66
0
53.5177
336
440
179
282
219
387
481
125
188
62
278
448
361
327
267
413
414
309
35
3
34
319
461
453
55
14
259
338
467
414
489
96
141
498
370
408
353
393
457
279
101
14
247
166
410
480
0
1.928
339
321
416
35
365
129
139
351
284
16
182
13
306
67
110
107
245
361
364
60
460
265
233
404
487
324
63
239
382
135
41
150
481
166
158
321
97
78
151
112
93
136
228
299
105
388
458
271
142
457
468
225
172
109
204
433
0
78.4833
62
400
441
483
99
252
136
482
373
461
377
160
390
368
99
244
337
388
9
158
22
239
45
320
44
201
142
426
208
343
131
325
494
181
367
451
213
447
387
323
101
488
90
138
409
481
0
44.9399
2
24
137
1
440
122
434
346
257
236
325
405
468
455
119
256
115
204
354
498
244
71
193
485
134
331
30
339
26
195
405
403
483
220
228
429
9
19
5
228
370
0
1.8197
370
289
113
373
447
62
63
458
371
210
402
437
21
36
81
341
22
404
121
350
500
404
346
424
389
87
361
156
368
250
450
218
74
460
114
497
158
409
86
46
392
328
69
91
370
88
199
420
314
484
0
3.8033
325
484
52
36
469
24
90
114
390
183
232
339
411
399
190
201
351
411
426
468
402
347
486
484
492
250
98
492
80
77
293
447
140
22
496
145
487
354
79
48
333
332
211
116
166
0
23.4742
105
226
471
463
423
497
40
201
417
239
325
402
349
251
348
379
17
370
471
185
52
29
447
348
5
201
25
202
175
148
125
170
395
124
450
92
135
411
134
199
48
108
145
435
478
472
168
452
0
47.9295
344
430
489
499
291
31
281
252
429
332
185
458
322
260
133
18
211
457
13
369
134
174
428
275
352
351
500
323
150
45
337
367
119
156
497
272
419
488
256
299
318
25
147
197
195
365
1
52
451
173
321
153
221
92
0
76.9582
299
382
197
98
78
271
386
212
267
238
228
82
70
446
5
8
257
62
110
321
433
259
250
51
393
141
134
449
231
268
20
75
288
373
10
355
46
93
124
159
3
17
213
79
312
189
369
95
401
126
4
452
119
365
459
0
89.399
42
497
496
88
3
273
489
32
356
413
145
263
176
233
46
223
139
434
371
436
492
378
79
249
366
127
303
204
271
256
125
499
334
134
107
258
7
391
269
380
24
72
142
406
228
115
336
308
0
43.9011
456
76
18
270
192
21
468
216
277
184
439
76
495
497
141
159
309
74
175
146
483
172
248
233
326
285
104
355
392
419
103
412
265
345
223
156
88
155
479
498
260
273
98
56
208
147
79
0
11.5317
264
432
500
196
271
7
277
311
429
202
414
464
29
127
479
130
160
361
45
97
267
399
455
418
79
32
237
320
53
476
452
260
126
500
357
194
130
302
149
290
452
61
208
98
158
451
200
496
476
442
315
6
307
293
341
92
497
90
0
23.2841
38
85
97
493
240
310
257
491
80
213
412
365
152
410
364
309
437
422
404
207
444
96
253
219
304
336
118
463
482
323
400
424
291
389
336
128
404
195
4
207
68
217
14
231
225
450
270
479
199
211
268
407
495
306
380
0
2.8105
254
490
222
310
293
362
485
487
121
165
145
227
89
8
303
172
357
481
46
77
341
270
367
353
70
102
119
470
84
86
144
78
70
413
208
145
115
101
359
232
240
331
245
168
279
106
9
324
253
0
22.5061
448
404
137
470
106
252
478
68
355
242
259
20
415
83
457
74
434
76
222
326
306
458
472
217
68
320
116
452
2
117
202
316
341
420
244
481
253
435
144
181
428
29
146
23
137
298
19
218
472
77
2
381
497
0
98.6206
299
154
57
475
109
137
427
290
72
88
307
423
99
289
223
164
196
320
162
229
467
290
122
58
322
123
249
182
334
448
112
214
89
496
42
240
133
254
48
444
201
364
359
460
218
8
300
129
494
274
87
11
8
454
0
23.2563
43
442
165
186
169
248
70
262
455
336
280
424
299
367
373
451
17
476
252
47
193
499
69
206
468
226
293
45
101
236
60
452
249
159
207
125
331
430
52
463
104
292
287
39
116
431
321
325
162
16
405
76
70
369
135
0
77.4026
435
73
2
23
232
430
419
425
251
262
482
12
196
347
466
186
199
32
365
497
205
179
190
112
431
307
330
318
448
437
310
380
37
400
415
344
268
86
92
371
17
146
105
343
260
258
240
455
181
72
202
7
43
493
367
46
385
8
0
16.7533
193
365
40
358
320
85
83
265
386
285
8
75
499
105
249
356
290
265
381
105
387
236
471
447
462
307
368
273
368
366
226
415
6
370
39
257
486
472
305
354
162
147
294
145
336
234
170
278
283
288
476
99
144
26
414
207
0
45.6909
220
165
263
464
321
425
302
339
424
345
79
17
73
285
327
96
173
5
169
472
170
407
180
445
441
238
388
386
286
131
476
386
492
352
156
390
107
368
277
57
56
207
209
340
87
400
448
332
56
289
163
417
25
138
132
30
15
443
132
172
0
54.087
232
428
132
370
34
20
408
202
81
273
86
137
436
42
400
459
13
106
63
27
228
287
284
9
483
189
103
277
361
276
261
79
208
43
325
466
218
238
213
103
47
176
157
182
147
189
17
435
187
344
0
34.5514
217
60
48
341
149
250
482
201
79
33
97
293
195
496
125
339
436
189
441
36
470
210
401
350
26
271
313
159
228
212
245
265
382
359
371
281
313
390
197
9
74
206
407
125
458
0
81.2835
399
51
441
180
329
402
247
233
344
25
102
383
53
308
158
330
172
169
52
474
398
213
463
315
378
94
160
443
56
370
445
128
21
99
89
117
295
358
355
245
68
239
375
34
54
65
307
167
485
468
304
341
474
102
105
253
428
446
0
12.3489
480
318
315
382
425
408
151
10
78
243
14
137
66
164
338
439
344
338
41
274
480
247
191
460
178
389
38
379
202
212
339
93
230
209
289
28
351
72
437
390
280
344
236
353
433
457
58
389
278
483
368
263
323
16
282
106
45
263
0
11.9231
344
314
277
30
393
454
17
33
281
73
497
200
97
7
61
370
210
194
353
204
330
196
160
155
101
430
181
164
3
428
117
497
204
134
208
85
45
332
168
321
369
33
385
213
397
325
355
124
44
418
0
85.4233
26
32
298
176
266
357
167
150
384
413
393
248
50
144
456
274
382
166
178
163
73
392
298
1
6
119
145
136
93
61
135
84
141
101
376
222
131
216
342
471
193
92
344
18
0
12.4544
414
379
500
272
463
461
318
200
362
166
131
165
379
460
390
248
212
141
270
356
346
324
294
448
415
296
135
484
302
238
132
110
345
490
479
91
454
476
2
201
49
98
493
396
141
129
256
242
419
0
80.6341
88
291
244
307
281
230
192
43
254
144
53
404
118
185
348
167
231
468
479
236
262
181
82
228
78
357
372
499
487
139
480
443
453
125
389
121
269
346
74
26
331
36
329
302
207
176
94
468
202
325
0
11.1899
458
489
264
167
394
469
222
390
166
326
273
24
107
356
60
469
164
305
90
3
198
307
359
420
196
273
308
113
369
177
354
350
180
192
142
165
153
461
312
296
315
417
216
155
271
332
411
493
299
418
474
241
399
426
0
38.6517
92
365
473
444
366
203
125
228
97
329
121
199
349
415
327
100
259
348
123
47
102
9
227
127
414
14
373
262
444
15
399
82
275
44
312
161
35
91
106
334
109
117
299
271
489
67
324
218
377
0
34.4781
410
210
378
231
373
363
140
491
346
492
162
388
122
160
245
342
485
212
108
26
55
26
151
456
500
168
454
28
403
475
9
34
312
302
433
476
85
197
259
0
62.836
348
75
365
83
351
385
103
471
20
421
89
235
170
153
427
246
20
309
55
185
297
358
377
158
291
79
198
12
358
352
317
277
492
146
486
300
332
320
371
195
203
73
67
319
338
82
391
351
359
120
48
90
434
0
32.8999
471
400
313
428
467
314
96
340
487
450
124
394
387
435
16
179
255
60
91
489
186
340
191
92
32
168
115
444
383
95
458
218
98
392
491
153
104
264
462
233
334
129
113
347
441
291
100
343
59
374
0
64.6464
4
405
427
208
185
44
500
15
447
333
223
12
474
93
361
343
198
147
407
410
151
313
395
321
108
42
65
315
458
494
308
282
407
425
442
295
425
114
308
214
464
335
84
34
193
76
253
0
18.3723
245
149
67
299
475
145
288
500
306
76
10
170
54
131
437
363
461
145
219
331
208
328
101
206
303
281
478
129
293
424
472
410
271
164
415
240
41
27
380
94
61
212
372
271
453
131
430
413
76
329
234
176
70
266
111
270
344
167
250
359
2
253
0
51.6734
407
214
345
467
42
28
171
398
93
428
187
67
1
369
317
239
435
12
398
480
406
158
400
362
348
275
138
398
289
410
277
353
17
388
473
349
275
21
469
405
304
101
217
433
318
257
434
0
39.1041
453
329
360
406
330
51
187
265
493
466
452
15
477
126
117
379
32
450
1
392
241
354
225
152
286
426
164
167
291
359
301
327
419
369
95
388
320
334
235
39
308
362
117
260
70
293
326
486
0
97.2515
113
271
207
254
296
266
357
101
69
450
115
389
390
160
343
347
309
455
141
483
104
288
352
75
376
385
387
404
324
95
112
412
452
386
411
314
394
323
316
107
75
224
422
444
233
118
60
455
200
0
31.8956
487
47
340
152
114
264
189
322
387
450
357
257
20
1
423
342
317
118
72
182
15
200
68
160
252
242
321
483
26
157
243
461
417
343
77
324
304
291
334
292
206
317
51
6
173
322
250
403
367
88
23
364
0
75.6571
409
109
228
297
457
424
217
307
65
178
483
453
290
313
79
212
382
149
6
126
96
247
371
64
421
326
293
84
329
257
492
63
397
414
414
43
177
402
500
150
259
143
288
432
132
265
448
355
35
358
215
0
91.585
275
157
201
284
128
472
144
440
220
4
226
246
25
22
93
340
293
236
339
70
73
72
201
291
2
471
366
67
108
286
33
467
290
2
40
59
49
347
207
21
49
115
135
190
114
243
85
230
52
0
31.4873
252
236
148
263
452
40
216
488
312
351
353
284
394
7
228
16
26
264
131
447
282
71
460
490
43
146
333
303
469
287
184
151
374
377
474
279
422
73
154
188
424
299
376
56
71
10
490
68
261
68
301
0
4.485
403
240
140
338
357
281
268
351
187
416
245
263
42
124
486
304
440
454
459
444
442
202
410
195
127
299
178
9
403
138
46
210
152
330
284
66
101
23
227
22
313
281
356
211
362
49
372
204
52
141
145
156
169
135
153
418
0
41.2046
384
292
36
454
66
311
323
420
203
40
264
38
15
179
422
263
54
191
232
446
23
340
490
308
121
129
298
166
438
348
247
115
39
313
441
228
441
348
439
214
157
273
403
496
170
112
436
39
89
218
429
77
269
65
114
233
450
418
0
66.2969
164
472
323
333
300
380
87
363
265
36
432
171
196
78
71
70
144
121
434
314
219
344
103
146
307
477
475
99
29
42
211
274
204
247
393
91
350
67
384
13
74
243
214
417
28
138
64
104
171
0
62.3496
277
41
99
106
341
418
279
201
477
296
344
482
446
170
212
183
13
339
494
208
217
267
298
391
10
173
427
169
273
471
345
491
331
257
351
237
415
178
469
9
149
285
117
38
423
298
357
143
0
50.5419
474
334
373
366
60
361
463
306
11
305
247
129
98
97
191
235
350
425
194
415
108
53
246
249
427
414
205
394
292
28
12
374
329
469
86
373
324
235
28
429
426
9
458
403
219
368
480
402
304
412
352
0
15.2631
496
103
203
241
436
275
229
203
104
90
430
268
255
145
251
210
446
75
180
166
151
152
372
382
386
307
120
85
500
28
75
323
460
174
482
192
341
25
489
365
468
294
335
69
0
78.8117
11
31
139
82
331
108
254
199
237
370
241
346
500
377
147
259
387
84
468
338
208
339
449
472
79
20
45
102
347
23
184
430
471
425
129
383
250
134
163
95
498
199
329
380
379
403
185
7
9
496
0
32.3159
134
333
19
285
350
148
321
127
497
351
78
378
425
10
283
13
470
114
215
64
20
127
32
191
489
189
299
48
84
332
495
218
4
98
319
445
272
417
358
472
229
378
168
374
117
377
380
0
