50
40
55.7429
15
28
5
40
38
0
54.9474
2
36
34
19
16
0
86.2666
11
36
25
43
0
94.7935
1
6
2
32
0
31.6956
1
20
28
10
46
0
73.3103
5
37
37
12
15
0
48.7649
28
48
34
10
35
0
19.0914
50
17
36
19
17
1
0
45.9483
5
17
15
17
0
93.813
35
49
14
22
7
0
46.5565
32
36
29
8
47
43
0
34.4145
25
49
28
13
3
0
80.8448
24
35
43
26
36
0
58.8705
33
3
47
26
50
0
99.1689
25
19
8
1
6
0
29.5215
30
46
39
6
8
18
0
61.2308
42
11
20
33
48
0
51.6757
25
13
47
6
31
0
4.2243
1
12
29
26
35
0
90.7783
28
39
16
39
0
90.9509
2
8
45
2
34
0
45.388
13
10
30
7
0
60.6841
44
34
20
4
31
0
41.4229
32
20
3
4
0
19.3166
32
28
16
38
35
0
16.3605
22
39
42
45
30
0
82.922
34
41
44
16
15
0
59.0779
10
23
27
39
44
0
53.8336
20
38
18
14
28
0
54.0451
2
1
21
42
0
15.1806
7
37
46
40
15
0
16.1344
13
9
22
19
33
0
89.0747
7
21
34
11
3
16
0
89.0935
14
27
36
47
3
0
33.6873
28
31
35
9
27
0
60.8775
10
19
45
42
40
18
0
74.7824
47
1
35
26
8
0
89.62
30
43
42
23
28
0
17.4784
10
39
12
32
4
0
28.7768
3
2
46
2
0
