100
300
34.851
33
88
16
40
73
41
54
58
42
0
46.2634
71
99
31
29
42
85
64
87
56
95
43
0
79.8868
83
8
7
94
28
24
4
56
0
23.2184
57
88
32
97
99
89
84
59
76
98
0
55.461
65
52
100
100
91
30
78
70
4
23
0
95.9708
72
54
78
18
1
21
64
7
21
23
28
0
32.5461
34
75
21
84
49
99
11
82
95
23
53
94
0
1.9442
4
92
65
62
78
88
69
25
57
8
79
54
0
74.9378
36
33
39
56
28
62
87
82
52
95
62
0
46.8126
5
48
77
61
65
99
99
42
30
0
84.0343
78
99
88
47
44
91
51
73
98
91
61
0
25.0913
46
92
83
20
75
30
98
53
87
69
0
85.6438
57
15
11
2
97
53
47
47
4
13
0
34.335
31
67
82
92
15
96
14
61
6
72
22
0
56.7864
96
37
89
59
93
64
48
71
51
14
0
16.8588
52
18
86
93
4
92
6
57
16
0
70.3084
48
20
36
84
22
28
25
72
14
0
20.2467
79
41
41
8
14
36
83
83
36
18
75
0
65.65
66
97
43
90
37
45
31
39
6
0
12.4655
21
72
57
9
73
75
89
23
21
95
51
0
91.2573
9
66
32
84
21
41
61
59
0
49.7756
58
35
63
29
41
66
60
26
97
70
61
0
98.4811
59
30
8
96
23
49
52
76
33
96
0
38.3231
51
80
63
27
36
88
49
70
33
73
0
1.3494
83
58
2
37
94
98
88
53
12
11
47
0
36.1543
82
97
48
85
22
21
94
68
9
0
59.6021
18
49
83
86
80
30
34
38
16
46
0
48.1186
18
11
86
38
75
20
11
40
94
6
0
84.1963
65
91
21
88
94
31
8
57
11
27
63
27
0
81.9737
35
1
94
54
28
76
27
74
28
9
63
85
5
0
40.1376
81
12
10
46
32
26
65
23
97
93
0
33.576
85
87
53
62
84
72
16
60
36
0
43.3422
21
69
16
46
40
62
46
58
20
80
80
0
41.7035
75
82
35
65
48
60
75
25
30
41
24
0
53.7058
28
47
53
37
26
63
57
63
35
83
64
0
0.73164
10
48
24
21
80
87
76
22
88
71
33
0
79.0574
93
49
92
76
51
55
31
89
17
65
75
0
8.9891
8
4
49
30
100
6
88
64
88
86
16
87
0
8.9453
36
60
89
10
27
91
71
23
0
33.0576
43
23
62
79
38
82
18
29
93
29
0
27.6752
34
54
29
5
72
53
56
55
34
0
25.0889
29
42
46
21
46
7
30
70
67
0
83.9042
91
53
9
98
13
63
59
33
48
84
0
57.4162
41
73
92
58
62
43
86
80
48
94
0
52.0546
52
99
15
80
86
24
47
74
0
30.4773
37
5
89
12
21
90
44
95
27
86
0
60.8112
60
19
48
19
11
49
92
9
48
0
1.8756
44
95
20
99
24
44
58
99
5
23
0
67.3107
64
32
20
32
27
23
21
28
58
0
39.0505
88
68
16
60
45
92
71
11
85
51
0
37.0629
10
40
81
16
85
88
2
75
92
29
0
99.8974
80
97
74
71
81
45
31
89
15
21
7
0
85.4894
18
62
55
12
14
61
75
91
54
100
0
39.898
83
66
32
71
46
63
8
25
21
0
19.2258
60
1
20
42
73
9
67
3
99
58
0
72.4831
56
47
44
77
54
20
25
84
80
41
98
0
46.9016
61
40
38
76
8
95
60
88
68
0
90.3088
41
56
55
36
68
17
21
48
89
63
96
0
30.8265
53
99
29
94
84
37
71
43
99
74
94
0
53.292
21
29
83
99
82
40
45
76
49
92
66
0
99.8308
47
36
26
5
41
14
7
56
73
34
42
0
32.609
22
89
7
66
88
53
31
16
17
63
30
0
57.0215
59
77
63
94
19
29
34
60
20
96
62
67
0
54.602
80
97
79
62
55
88
50
27
23
36
0
91.1023
61
6
77
55
88
35
63
35
79
0
42.7296
40
65
19
96
29
63
81
99
36
11
63
78
0
37.4715
83
23
5
68
32
30
19
59
41
90
81
0
62.5533
59
30
61
33
3
55
89
15
46
47
0
18.3727
53
43
90
100
2
31
36
41
74
9
100
0
23.8794
76
97
33
20
43
86
19
38
9
89
75
0
83.3125
38
8
26
74
24
77
23
22
5
19
0
22.2168
23
79
87
48
68
28
21
36
30
51
0
70.8076
52
49
7
45
89
25
96
88
72
0
83.612
67
57
51
79
22
5
42
22
3
0
4.1689
31
87
7
2
39
78
63
39
0
82.7289
52
22
99
76
66
66
23
75
76
63
0
61.5827
100
28
74
35
9
87
26
29
78
68
71
0
77.1291
46
86
72
41
65
61
32
36
66
0
12.3551
82
75
9
95
22
63
53
42
11
0
25.7884
37
74
26
80
45
69
66
45
55
0
20.0672
15
60
41
32
30
33
90
35
43
43
64
0
85.2914
34
96
6
76
51
51
95
67
73
19
0
87.9795
12
59
78
64
87
28
40
36
35
49
0
3.9674
66
26
99
39
7
97
86
51
27
0
81.5418
48
10
42
83
67
29
60
61
78
67
0
83.8589
54
45
31
87
74
58
14
91
88
16
0
35.3433
67
42
53
16
30
7
35
13
44
0
45.7881
16
99
100
92
79
29
25
92
9
92
27
46
0
95.9694
69
77
16
5
84
93
18
72
91
74
0
69.6204
11
19
36
96
22
19
74
99
26
47
0
6.8572
97
76
39
97
20
66
23
12
42
0
95.0829
13
81
53
66
48
4
98
42
41
37
94
0
93.335
72
28
88
24
75
93
70
13
43
73
0
84.1719
94
35
34
77
76
12
31
16
68
77
0
14.8809
67
26
72
96
37
75
28
45
16
78
30
43
0
70.7279
26
1
35
47
96
87
4
2
48
40
0
38.2486
54
54
38
20
43
36
34
27
5
97
0
79.1199
100
9
27
49
44
87
10
13
35
49
28
0
74.2204
96
28
49
76
2
58
91
25
17
0
10.5171
41
18
18
60
45
28
80
90
50
0
82.6997
80
81
12
59
55
15
84
39
97
68
0
37.1423
57
70
88
47
14
25
77
38
18
76
93
0
36.335
54
91
8
72
47
97
67
79
55
10
97
0
7.5067
67
11
59
78
38
72
10
89
70
0
66.125
66
7
60
92
47
21
18
6
99
10
0
49.9172
40
88
44
26
97
75
90
64
59
0
83.564
23
31
40
6
4
3
17
55
88
32
0
70.8986
82
76
23
30
26
38
56
14
94
23
0
48.2986
63
20
95
99
55
52
17
81
7
75
3
0
14.6117
70
59
43
7
94
26
72
46
69
83
18
0
59.0717
36
55
55
14
52
47
91
76
26
0
41.9338
13
12
90
47
86
83
86
37
56
15
0
74.1011
89
26
96
43
4
56
11
72
58
0
73.4323
26
55
93
96
80
38
74
71
35
0
46.802
7
54
41
84
13
72
80
81
56
48
7
73
0
98.3394
16
41
86
27
14
79
41
59
90
39
0
25.2183
82
78
92
84
79
93
93
3
91
0
83.1691
64
81
44
25
22
14
65
14
94
7
0
90.8357
74
61
5
22
1
64
69
78
94
0
40.0074
46
95
92
61
25
47
76
7
70
0
10.5272
56
65
62
14
12
55
11
96
69
59
71
0
40.0344
9
20
21
57
86
52
99
27
19
23
0
0.66459
78
14
85
95
52
27
88
74
46
47
0
62.6178
27
27
37
72
36
48
76
60
15
0
71.3031
13
58
89
84
74
6
84
5
46
0
38.384
29
28
18
65
59
34
30
7
45
90
0
18.2962
78
40
93
73
42
19
44
18
23
0
15.5045
38
71
33
50
75
96
86
99
10
94
0
87.009
16
9
20
50
53
14
7
69
37
72
8
0
93.8027
43
80
80
83
80
66
92
2
96
0
67.0609
98
75
66
61
92
22
83
72
76
2
0
89.8483
43
63
41
27
14
72
59
6
0
61.677
20
53
93
82
100
66
87
67
43
0
8.0863
73
70
70
55
41
46
63
100
55
79
0
19.8535
83
1
58
61
42
16
97
92
18
0
96.8856
75
40
98
5
48
86
73
46
49
0
66.8615
53
27
79
84
40
72
25
36
59
58
10
0
90.291
47
2
91
17
48
87
80
11
14
49
0
77.8065
88
77
39
56
26
98
55
57
40
56
0
80.4652
67
55
53
100
59
84
94
80
61
15
78
0
88.8097
2
37
59
2
99
44
77
66
94
42
1
0
2.3222
16
28
61
9
33
58
66
96
5
55
0
74.9883
8
59
7
59
80
4
33
99
83
17
0
76.3586
29
45
53
48
13
71
91
18
75
0
82.9667
68
23
7
27
71
3
24
67
94
0
39.7409
67
94
31
19
47
57
16
58
69
10
64
95
0
0.72482
57
27
74
91
45
10
57
99
49
1
0
70.0501
90
94
37
65
60
40
89
20
100
0
43.91
9
25
50
55
30
63
43
0
84.1217
74
4
70
48
10
95
10
6
54
24
2
0
95.0194
54
2
81
51
7
37
23
20
85
15
0
65.6835
65
34
91
54
88
100
100
56
48
0
12.8402
92
43
72
17
95
62
37
3
100
67
0
99.4151
16
20
40
71
8
64
92
94
0
77.3172
14
7
18
90
99
75
46
38
8
6
66
44
0
69.4006
4
39
83
98
18
28
83
53
56
43
0
13.287
14
82
29
65
94
75
50
23
99
78
0
13.0305
49
68
85
94
83
56
13
93
47
0
0.38473
95
79
62
57
52
41
21
45
63
0
95.3481
36
39
90
63
46
83
32
85
29
94
0
63.2536
83
36
89
59
73
53
70
85
55
78
0
26.8768
83
1
29
77
32
55
2
91
13
21
1
0
43.7714
54
84
57
44
48
93
61
84
32
0
12.1374
56
28
24
43
91
57
55
65
60
79
71
0
23.4632
42
96
56
10
35
49
34
88
82
72
0
88.7335
8
59
75
69
11
35
79
79
51
0
15.0792
16
59
28
15
54
70
32
73
55
23
0
52.7171
47
2
65
5
72
13
89
50
42
0
75.8394
3
28
44
63
63
66
98
26
49
19
0
10.5877
92
74
54
69
36
75
62
26
72
68
0
12.5409
98
68
43
84
36
14
48
45
0
41.5051
60
79
94
24
64
94
3
58
57
47
69
0
20.8997
98
1
7
77
6
11
85
14
32
97
0
71.8395
93
46
52
16
7
22
76
69
29
37
6
0
67.5354
94
37
67
88
49
78
21
4
55
36
0
60.1954
46
31
29
35
45
69
91
71
80
94
0
45.99
91
25
35
9
13
85
17
83
72
40
0
52.2612
83
97
66
1
75
47
33
92
42
37
0
92.6883
33
77
15
99
16
81
48
14
55
0
68.9899
3
6
47
8
72
1
4
57
59
11
86
0
49.8254
97
73
64
99
44
22
80
18
62
53
95
0
61.2604
73
58
55
4
92
48
85
3
0
27.0009
84
31
24
79
85
30
48
60
5
98
0
5.9604
100
16
33
14
54
52
63
19
25
27
8
85
0
61.0149
93
17
3
30
66
64
22
62
43
31
83
0
49.8884
64
50
37
40
39
55
55
8
0
30.4833
82
43
49
47
78
42
87
62
56
43
13
0
82.9637
46
52
12
13
35
76
12
49
78
57
29
0
46.7459
22
89
68
38
55
65
2
24
12
54
0
17.6131
1
17
42
53
12
42
31
82
23
81
0
63.6374
40
21
3
39
32
46
6
48
0
23.1186
50
57
99
4
95
33
13
15
1
71
0
58.5435
20
75
9
67
38
21
46
30
62
60
70
0
58.078
93
22
87
98
57
18
56
90
80
8
60
0
32.1892
74
15
81
62
11
10
54
50
19
87
0
58.6303
97
73
77
60
16
9
36
31
46
0
63.1412
94
34
36
2
83
98
68
22
31
86
0
53.7574
12
58
58
15
32
28
13
11
0
76.0921
77
70
44
76
67
53
78
80
82
3
67
0
59.8963
95
74
78
74
38
56
65
38
75
49
0
19.9595
31
65
24
57
9
13
83
29
45
68
0
37.8899
99
88
52
10
84
91
14
72
89
0
70.1371
29
94
89
89
11
100
90
72
97
80
53
0
80.4482
49
26
44
99
3
44
34
14
4
98
0
82.0124
23
46
22
100
61
23
47
61
87
67
0
85.0215
68
46
73
43
29
3
31
39
87
85
60
0
31.5065
83
71
28
85
18
42
26
34
84
73
11
62
0
6.9048
66
74
67
24
88
3
96
55
43
62
0
87.6451
40
41
82
41
34
49
55
45
49
47
0
47.1679
82
74
93
58
81
67
3
94
0
32.2924
55
26
93
47
98
25
75
79
72
83
0
37.7433
52
21
26
90
36
39
48
10
97
5
0
35.4921
50
9
73
89
24
89
93
83
13
94
65
0
18.6222
4
95
2
46
59
73
99
68
75
56
0
13.5571
41
89
61
88
20
51
7
34
97
62
0
87.3831
32
48
38
68
90
42
70
40
44
50
0
34.2598
80
30
66
12
81
11
64
90
80
33
14
0
92.5066
15
58
59
12
9
82
85
81
4
48
29
0
77.2374
3
29
62
84
49
43
98
69
82
0
19.2212
47
72
35
60
99
92
67
7
15
49
0
53.083
60
74
21
92
93
99
99
45
72
0
81.5655
72
87
96
17
43
86
77
35
66
0
93.4501
98
84
23
31
58
45
98
21
72
0
15.5737
36
72
92
41
44
79
25
46
18
52
0
21.7167
3
51
19
55
91
80
96
77
75
38
4
0
40.0496
7
61
1
21
38
16
14
23
41
12
0
93.6607
25
76
75
4
10
22
85
88
44
53
94
0
41.2231
74
68
65
51
97
25
68
64
27
79
0
85.526
98
8
87
5
43
93
24
4
84
0
40.5207
93
7
24
25
21
73
13
23
61
59
0
38.401
90
93
45
21
61
35
81
44
63
56
0
55.5208
54
35
21
23
56
88
30
31
42
0
16.7217
78
99
43
15
86
72
8
36
10
0
58.4669
50
37
12
78
12
45
54
51
0
75.0844
49
73
80
16
29
96
41
70
34
83
57
32
0
80.6029
59
46
80
76
77
35
55
89
41
79
4
0
22.5355
46
81
75
57
55
9
58
50
33
23
0
22.8673
97
35
11
74
77
27
40
44
64
9
0
72.6186
25
98
5
45
54
28
48
3
100
24
0
10.5469
98
15
15
90
77
23
40
46
64
62
53
0
74.6659
38
56
15
11
1
36
33
32
4
92
13
0
72.0481
41
66
26
39
1
90
72
79
73
8
0
12.0677
76
8
6
91
69
66
15
11
52
31
83
0
41.7884
39
31
28
7
51
5
41
68
19
0
53.7646
28
31
7
57
21
55
87
75
92
88
0
35.8678
82
83
23
89
17
59
39
94
17
0
13.3184
46
70
80
2
39
86
70
18
95
22
0
53.8963
35
97
16
86
87
74
51
54
97
23
0
92.716
5
39
57
50
19
30
57
91
85
61
0
81.2763
65
59
76
45
83
40
43
87
0
68.1189
15
93
60
61
20
88
9
100
40
12
0
6.8338
4
81
17
40
90
81
58
37
9
0
55.3314
19
97
97
85
86
79
47
44
5
0
98.5982
17
78
79
58
89
64
25
76
47
0
3.7175
39
33
10
33
20
84
41
91
2
53
0
2.5322
6
39
99
22
16
94
69
3
8
0
68.4992
27
12
85
84
53
67
74
27
80
80
0
67.5136
5
72
6
2
74
28
46
93
89
44
0
97.2339
97
90
72
14
72
78
8
81
27
79
0
86.2107
78
28
35
51
39
39
29
94
0
11.6884
27
44
37
40
62
40
34
41
15
0
94.1359
94
8
58
1
7
89
76
98
62
0
47.2701
72
68
47
58
68
75
27
22
24
0
56.0828
69
27
85
76
80
56
85
87
65
67
0
48.8857
11
21
95
86
98
61
15
0
19.0048
92
27
5
35
40
45
95
79
99
0
82.1347
23
40
25
72
74
2
21
87
58
99
0
70.268
82
9
1
96
17
59
19
45
36
45
0
41.0297
14
43
39
40
76
28
82
23
73
1
0
2.0518
99
41
56
59
73
33
95
79
12
0
79.538
51
99
16
17
33
15
51
66
22
4
0
29.1901
70
5
7
85
19
50
18
44
0
87.6682
76
100
59
8
99
99
72
53
25
0
68.029
70
61
45
63
93
6
7
15
10
42
21
0
1.2289
8
55
97
81
17
67
72
73
86
0
81.8259
99
13
56
74
20
89
30
23
72
0
92.0635
13
10
1
90
76
72
64
15
51
54
51
0
39.0321
34
79
82
94
77
67
54
29
100
77
39
0
89.089
99
86
6
98
60
35
63
68
66
71
33
0
26.6952
12
23
59
86
25
91
4
48
57
5
0
22.801
73
4
4
41
34
19
13
35
82
50
29
0
83.8928
59
72
13
93
65
32
11
91
77
96
0
61.2533
74
97
11
5
92
18
53
18
60
90
0
49.2664
55
18
11
99
87
27
21
42
55
95
0
83.1526
17
85
78
93
38
41
42
36
10
64
94
0
60.5949
66
77
80
61
93
41
40
72
59
0
86.3711
3
67
20
55
28
98
12
40
94
21
0
58.2517
14
45
32
25
66
1
72
98
94
82
29
0
57.488
13
33
69
26
44
75
35
87
48
3
26
0
59.6662
17
53
66
94
82
80
55
0
20.6896
4
86
31
9
19
82
28
4
80
70
94
52
0
29.159
69
28
70
30
67
18
72
10
24
16
0
38.8726
40
58
75
82
23
38
17
31
18
53
0
48.0415
12
80
46
46
66
3
90
20
86
20
4
0
69.3003
13
49
76
45
25
52
81
62
8
82
17
0
28.4222
62
93
17
14
17
46
42
69
99
0
85.7357
59
87
76
26
9
38
39
77
88
8
0
48.4675
41
24
11
51
41
13
70
90
32
0
62.7026
19
12
95
93
97
70
12
96
49
17
0
90.4208
45
73
2
58
100
72
76
65
57
80
69
0
