500
200
99.4175
183
461
148
420
308
138
412
220
79
56
301
95
33
442
359
368
197
158
314
177
142
499
200
317
109
384
436
490
59
296
249
329
268
63
83
316
405
28
438
279
243
461
165
142
423
403
378
409
332
224
385
179
84
73
375
0
85.1392
149
185
309
371
438
230
237
63
295
358
227
185
336
165
21
46
85
336
249
428
22
425
236
428
401
469
225
463
247
36
215
168
177
197
246
415
332
94
376
361
338
455
151
233
235
208
227
227
410
75
100
360
145
0
35.1622
55
381
247
500
94
145
179
337
8
264
492
246
226
87
402
256
232
329
427
330
457
209
78
234
311
13
11
434
375
268
388
23
433
26
15
233
54
264
425
64
1
415
249
402
416
118
228
338
230
379
211
432
277
99
0
10.0925
156
349
439
496
133
310
181
335
339
10
349
403
249
140
294
361
310
240
337
45
327
289
72
379
330
313
73
316
70
341
479
102
115
211
54
186
11
336
187
64
465
184
215
69
188
183
55
283
100
87
145
375
44
0
43.8861
457
256
365
467
1
473
222
405
270
333
156
149
12
296
365
155
231
306
62
408
255
354
282
379
397
252
210
68
158
330
31
78
266
183
439
416
281
260
454
199
0
61.7336
137
96
476
343
264
398
417
306
201
433
407
202
85
204
135
44
401
398
149
246
85
277
358
91
418
162
254
96
242
80
242
378
403
176
162
421
190
41
407
283
46
237
465
113
142
216
38
283
101
103
298
0
77.3352
301
202
103
351
77
223
102
352
472
496
309
56
473
414
165
482
202
78
309
400
191
291
82
263
316
75
174
206
189
260
239
472
434
224
133
49
443
444
76
375
21
30
309
263
258
108
145
149
134
332
318
0
57.5102
309
432
408
68
154
269
332
222
269
298
53
170
412
50
190
9
266
14
190
296
202
112
390
210
26
1
210
416
20
270
175
248
300
459
29
175
3
377
354
60
190
133
315
249
487
245
245
33
213
484
41
342
122
54
0
53.9007
134
252
14
472
450
134
271
78
256
319
120
311
305
351
338
310
444
381
132
214
494
487
407
412
126
78
243
468
226
260
385
436
455
21
246
179
181
286
165
386
290
246
222
259
496
397
454
28
109
338
357
206
0
75.0259
311
117
269
417
353
468
274
468
425
368
85
489
421
284
355
317
273
421
476
490
342
13
222
214
488
28
24
37
418
309
14
452
160
247
426
309
198
106
305
205
42
73
342
370
368
312
236
188
476
372
355
136
0
23.4998
189
6
273
239
439
24
221
203
380
139
95
317
146
378
200
402
47
398
266
453
203
232
453
467
227
314
212
414
124
479
73
367
311
359
277
132
19
313
306
3
1
186
65
167
364
363
286
140
119
21
369
6
68
390
79
489
444
182
175
0
61.2747
394
107
267
106
440
396
23
123
456
399
21
415
420
281
345
310
443
49
451
40
192
352
228
386
270
148
492
294
410
204
131
292
151
47
151
316
37
26
26
218
134
432
366
111
463
458
352
10
255
112
0
24.279
74
351
438
463
276
407
490
342
28
252
12
45
298
348
22
112
293
174
80
310
347
278
357
96
383
424
412
460
443
493
121
173
32
177
450
315
254
267
276
45
480
14
110
1
385
421
266
311
464
50
491
467
463
352
159
241
284
0
78.1844
172
478
307
303
119
310
35
482
332
128
1
190
362
302
118
22
390
252
201
316
32
35
322
14
241
226
8
419
367
224
211
221
430
330
21
418
400
184
83
202
229
277
35
247
0
79.3845
49
178
421
27
199
291
475
164
437
470
350
445
358
229
110
366
142
177
225
142
425
141
252
226
339
385
72
315
313
258
404
271
469
150
460
388
338
380
183
190
79
351
295
420
421
210
47
469
55
247
35
482
333
257
374
0
31.9388
227
99
212
330
419
346
407
490
249
428
340
30
236
65
393
360
66
436
348
309
59
322
423
382
131
2
487
367
478
4
247
445
139
231
349
401
463
22
492
376
480
476
47
236
448
311
158
444
165
30
66
383
118
89
284
359
0
31.6846
165
58
473
62
26
5
65
85
85
4
144
18
9
425
143
5
226
47
81
17
484
41
114
343
41
161
335
246
324
217
206
173
261
123
77
155
216
31
229
358
181
139
211
356
373
223
30
34
67
313
448
233
496
352
0
40.7448
367
78
183
226
257
446
9
89
452
49
220
436
173
468
90
366
450
452
23
327
498
65
323
17
346
446
29
383
2
66
199
121
267
255
459
279
18
326
391
91
104
195
124
161
284
60
418
441
27
322
28
1
170
182
363
0
6.5311
144
242
162
429
214
321
317
190
385
277
247
333
460
82
347
67
111
144
493
12
245
475
65
207
341
145
325
127
1
446
57
417
107
18
163
246
37
337
139
489
145
331
25
0
7.6612
51
378
341
438
441
200
304
188
78
434
349
276
314
57
31
415
379
374
352
426
341
200
82
431
461
493
455
412
440
15
317
72
4
345
312
499
264
393
272
98
228
8
250
0
37.9682
459
268
439
225
470
430
364
351
217
212
395
442
239
282
284
395
117
312
69
148
126
80
388
481
16
428
413
244
127
392
101
395
105
153
355
423
455
5
354
334
476
213
48
464
146
160
90
263
176
467
30
383
141
55
193
236
353
360
210
193
400
382
0
67.8713
273
95
11
47
466
86
198
41
250
256
12
243
495
104
41
320
387
418
251
180
413
190
470
110
54
414
458
312
95
330
57
482
297
164
266
342
491
308
354
358
500
425
33
56
141
341
327
196
423
0
2.7254
403
100
27
258
374
233
298
368
287
206
489
222
88
259
89
401
358
99
385
73
430
405
212
172
436
82
123
419
52
25
398
259
144
353
440
334
426
368
464
75
29
209
303
138
490
352
98
194
472
126
453
401
401
433
461
371
131
69
334
0
55.7464
75
48
269
320
13
199
420
55
50
271
93
232
72
488
394
478
233
88
459
132
221
342
40
436
212
102
239
8
366
495
458
259
226
288
258
486
436
139
224
53
137
161
249
431
339
291
189
118
436
224
56
272
112
191
34
97
436
0
60.3189
189
11
103
371
297
182
374
281
499
320
133
229
117
209
38
120
103
328
113
194
98
289
188
131
41
379
72
82
241
396
179
387
440
367
312
355
284
179
150
488
315
171
305
29
193
7
298
0
31.6639
163
217
303
51
22
24
387
446
9
465
228
497
385
442
465
207
68
3
126
467
125
278
198
371
323
95
339
177
57
5
384
369
139
314
136
291
440
355
346
292
460
200
175
456
420
71
345
263
258
214
0
42.2334
321
276
317
209
325
41
216
149
211
139
21
343
26
42
251
44
293
411
214
33
419
416
421
376
100
41
199
49
191
132
334
349
9
252
352
466
433
287
228
74
450
482
50
90
333
485
470
29
0
7.5444
469
190
450
85
497
356
8
411
193
167
43
3
142
159
385
229
298
241
409
221
222
411
401
50
455
66
267
297
420
166
36
432
392
368
132
106
155
40
455
239
52
18
71
382
104
162
348
0
58.4953
11
60
435
372
176
318
339
486
59
246
303
48
247
58
304
440
70
464
173
185
134
213
246
406
316
162
333
219
247
330
395
483
345
158
131
241
11
320
98
426
365
31
106
200
110
396
101
489
368
161
404
454
301
498
58
265
499
424
190
0
39.185
22
350
312
210
37
441
87
246
486
85
402
248
289
381
322
204
402
38
155
440
79
262
184
305
274
194
233
292
33
367
216
94
139
180
89
466
200
11
336
29
119
459
136
481
191
351
458
198
428
364
411
221
0
32.4508
243
461
326
146
104
313
103
451
484
398
370
132
105
187
108
321
60
266
239
359
457
30
189
396
266
313
249
375
376
331
390
116
171
262
494
27
17
96
50
187
454
156
301
376
373
242
420
342
431
465
233
153
494
70
67
484
0
48.4583
37
253
71
89
251
54
263
432
434
478
187
416
265
160
327
9
211
472
117
33
184
225
409
470
409
242
117
224
492
291
295
204
258
462
167
489
91
47
386
336
216
118
271
35
66
97
154
121
25
248
396
0
9.0448
391
3
464
241
142
275
320
86
58
240
285
15
413
299
103
413
21
113
419
114
198
479
247
374
151
459
443
258
411
407
400
66
354
156
153
83
119
451
29
205
487
311
54
227
115
183
323
88
498
389
383
0
48.6273
197
281
339
251
490
75
485
385
475
333
290
56
419
431
367
454
385
104
138
183
121
60
421
373
39
324
44
227
490
376
155
121
463
110
31
408
405
45
480
256
498
404
372
51
38
351
488
291
176
214
28
470
0
85.9093
27
350
85
150
263
428
170
249
360
446
156
227
403
109
89
267
162
271
118
239
209
121
122
403
262
485
283
379
2
224
499
60
315
363
402
50
395
191
187
496
144
126
439
183
316
267
118
400
43
386
97
436
111
132
342
0
4.0172
426
125
386
58
30
336
300
60
261
105
347
268
382
178
429
153
319
274
344
369
308
77
203
284
15
102
406
180
266
99
59
378
455
31
108
338
193
350
140
184
145
429
478
237
74
70
309
277
162
313
231
417
117
241
234
91
252
73
201
0
33.0616
93
175
99
329
12
27
223
116
324
274
80
487
151
159
289
35
331
428
309
141
58
30
325
48
382
140
87
229
118
120
411
105
319
418
448
250
118
351
118
131
192
210
110
105
350
420
36
21
0
89.3047
433
135
386
23
184
429
12
318
254
386
419
115
220
395
481
180
271
380
425
195
86
432
426
74
386
418
445
109
90
188
457
191
449
36
6
85
194
181
417
492
172
41
406
110
324
477
347
241
272
453
10
228
430
248
158
0
0.37124
15
140
432
51
220
298
311
400
155
454
300
338
252
222
355
304
382
29
99
386
195
302
28
388
191
244
408
38
453
41
256
245
407
168
479
1
79
468
376
445
93
58
34
203
458
18
480
15
473
0
8.912
163
8
310
109
392
124
24
392
395
82
224
206
177
327
238
460
491
452
296
151
469
347
219
370
284
459
145
214
304
92
194
70
52
152
499
269
28
94
159
191
40
467
1
321
163
346
0
73.0561
428
270
421
397
122
445
185
112
38
373
58
347
272
354
450
463
489
266
172
156
262
229
428
167
260
226
160
346
83
255
405
251
387
276
467
425
29
39
19
152
29
138
82
483
435
0
89.5852
5
381
234
389
166
294
386
316
415
212
437
318
91
40
262
147
3
393
339
44
297
93
303
30
479
496
144
103
78
232
199
488
266
278
142
227
83
58
370
382
17
307
51
320
444
74
497
103
281
393
0
9.8341
213
465
221
99
256
436
261
93
310
451
136
111
364
391
366
266
361
374
203
380
180
159
130
163
500
41
66
386
354
308
213
457
472
402
373
46
460
376
221
151
371
284
369
254
19
253
200
285
116
0
69.7162
496
70
205
116
497
144
358
123
21
343
331
390
44
487
229
5
432
263
20
17
382
218
47
441
46
133
89
87
177
372
330
463
337
152
101
70
216
8
251
11
162
79
199
369
135
367
442
342
201
269
180
462
478
158
0
79.6685
444
218
290
381
58
1
60
377
359
430
409
499
188
447
201
147
373
474
2
162
59
387
259
185
316
89
168
490
475
128
286
138
435
345
13
201
217
281
1
286
112
102
163
134
248
1
344
191
499
28
198
316
261
487
0
36.8154
131
142
330
328
447
105
492
487
400
292
208
126
327
493
359
385
5
466
121
148
353
251
248
244
135
18
229
357
413
193
336
186
407
90
115
176
99
112
75
396
441
118
322
0
20.931
38
453
394
351
408
424
386
402
254
271
65
172
179
484
388
167
442
447
274
270
377
272
423
302
449
50
492
44
24
131
140
230
374
61
241
428
339
461
467
322
416
51
412
165
27
26
218
76
145
0
0.52055
323
114
256
369
308
133
345
12
263
146
436
492
466
306
405
385
259
492
459
304
268
482
141
236
453
221
337
52
131
311
80
345
368
225
75
150
482
215
440
394
242
91
434
315
199
252
387
69
307
361
81
382
378
0
78.432
305
257
403
211
381
300
392
345
401
106
303
119
101
233
216
434
270
191
88
272
361
338
322
123
336
415
439
255
25
100
470
305
328
410
231
406
208
61
209
49
105
353
453
383
432
254
311
425
285
21
363
26
389
269
448
332
56
189
77
0
45.6418
69
359
335
428
396
194
427
476
100
437
154
339
421
202
32
183
276
140
171
485
452
177
113
484
366
278
303
264
161
59
500
489
141
85
178
305
81
389
400
298
471
162
372
37
258
210
63
173
53
357
308
0
56.0412
346
175
220
77
216
84
411
202
61
193
57
145
250
405
258
154
221
317
121
296
472
86
327
29
142
265
156
415
347
336
372
21
209
437
441
56
386
185
379
453
83
24
414
155
386
125
466
365
400
15
216
474
0
20.9986
92
114
166
114
71
448
51
6
13
41
190
58
314
498
216
379
173
154
407
484
101
349
384
354
128
108
27
458
432
389
150
239
43
359
395
334
468
15
147
482
20
357
270
440
328
403
358
155
288
205
455
0
44.8242
259
295
71
5
418
37
28
105
46
207
4
390
194
278
441
27
307
299
387
293
336
327
498
334
24
78
417
449
23
333
138
200
245
387
425
333
307
248
283
43
342
423
223
411
345
419
447
305
215
142
195
0
97.1832
295
278
422
307
353
436
16
417
103
296
451
146
400
143
376
350
103
495
379
106
194
71
404
62
265
248
320
252
384
133
180
345
193
65
282
66
238
370
4
236
158
54
339
80
327
127
189
343
0
43.1563
311
399
224
45
437
97
282
6
15
223
331
293
72
192
323
62
279
132
369
274
131
27
373
337
330
198
433
99
217
310
242
368
499
431
160
205
97
281
272
218
370
279
17
271
0
19.7397
186
263
169
84
98
139
373
387
402
379
359
295
220
311
251
76
154
53
315
319
498
384
284
53
174
82
106
231
31
364
270
332
400
391
354
344
115
472
414
6
333
237
320
310
181
81
120
356
466
150
293
263
152
361
378
0
58.7502
361
346
37
109
178
111
36
339
427
333
288
335
237
40
278
269
9
275
215
150
118
441
137
214
299
430
112
26
403
97
208
187
257
389
91
295
378
347
122
456
224
394
464
110
21
0
39.7187
149
154
418
206
4
188
37
269
478
88
426
326
345
341
212
22
392
80
433
428
257
186
418
216
172
108
25
188
52
190
195
110
59
334
153
65
225
391
282
204
201
418
62
391
302
426
107
451
480
266
120
132
274
365
373
75
70
332
0
49.485
64
115
285
464
37
126
89
494
225
459
214
483
133
193
242
382
163
167
353
477
282
122
447
499
126
331
480
482
279
353
345
302
275
49
136
363
462
179
440
242
118
8
324
479
336
354
80
237
111
313
332
364
412
0
53.0365
491
24
257
498
62
240
444
497
208
358
352
212
145
312
13
75
262
243
296
292
323
70
180
288
324
499
415
178
324
377
290
265
174
333
346
232
135
74
391
330
458
229
129
193
408
473
285
155
0
18.4471
300
480
46
329
80
100
454
202
265
280
381
453
150
378
139
400
263
333
15
332
376
153
51
360
196
436
273
292
111
23
250
127
424
35
205
464
315
30
37
399
398
272
451
105
89
269
198
107
247
67
177
338
387
100
344
367
0
58.4984
178
132
315
147
389
185
201
59
379
108
75
113
180
118
41
479
213
140
353
296
486
274
71
165
414
9
304
67
143
114
234
496
453
113
237
492
174
375
214
416
92
309
0
70.9257
40
486
453
297
494
198
133
142
345
143
230
333
66
270
465
106
341
356
63
258
448
285
25
14
7
25
38
285
27
403
173
150
86
153
254
237
161
78
290
304
190
139
118
414
313
0
78.804
368
20
335
17
306
417
252
313
134
453
240
292
228
217
7
289
250
465
12
467
270
473
70
225
185
425
402
108
20
347
131
202
37
350
230
71
77
248
191
126
119
259
356
44
384
452
289
0
64.8949
221
315
224
77
40
358
436
32
367
166
102
497
189
306
172
131
41
420
128
480
161
217
392
293
248
433
465
204
107
27
372
1
125
73
203
400
318
320
266
423
277
436
272
42
391
36
376
472
28
490
0
89.3472
248
221
272
454
256
440
124
40
408
317
399
454
4
346
28
365
478
240
413
380
167
109
297
45
401
340
331
194
264
209
187
137
295
485
283
325
301
287
282
191
242
123
336
488
22
159
358
206
361
317
110
380
0
48.5558
201
453
195
43
350
194
291
314
172
115
236
45
439
60
71
16
222
133
170
324
455
274
135
222
400
479
94
390
76
259
490
325
388
197
273
24
45
311
385
425
120
373
345
335
164
421
106
57
201
0
50.5602
357
230
322
303
220
78
378
117
285
32
129
270
292
200
38
6
42
481
53
61
468
147
81
486
434
457
194
1
78
250
319
10
432
230
155
3
296
403
112
336
432
211
104
0
51.1779
46
486
447
275
482
242
103
267
292
339
368
99
52
437
25
456
212
190
347
474
494
218
200
413
325
214
427
6
407
388
288
239
404
334
499
293
370
60
238
292
472
168
389
489
215
420
178
493
94
436
471
194
0
50.4262
335
102
342
36
492
395
334
132
488
157
458
292
357
490
374
328
218
303
314
95
252
305
451
316
104
304
29
72
343
98
96
234
242
377
6
418
140
221
484
350
262
53
325
425
48
0
17.4967
437
201
259
391
104
202
303
289
87
374
320
96
248
134
387
398
196
278
496
490
348
229
30
382
98
143
213
480
358
20
70
209
18
255
366
362
216
194
234
322
489
2
26
481
193
444
76
5
172
415
145
3
282
270
165
20
188
445
239
255
0
96.6332
1
393
153
295
122
473
291
170
488
127
235
477
425
78
131
262
467
313
142
381
22
92
398
128
362
175
307
446
398
244
48
490
481
54
456
339
474
377
185
405
321
208
97
478
470
48
235
212
6
484
0
61.2283
110
193
233
111
461
322
170
68
243
102
250
442
47
289
199
387
342
391
272
482
340
346
356
58
238
106
496
451
379
251
68
341
289
287
311
33
363
349
170
119
396
212
448
421
88
0
95.7285
39
24
224
184
275
14
231
127
438
129
25
244
309
173
94
234
269
178
353
269
386
340
426
63
245
221
450
460
379
94
341
465
385
421
316
415
217
161
29
371
35
394
219
417
247
0
87.017
257
389
244
312
207
396
495
76
277
385
36
2
320
490
284
70
116
293
399
213
179
444
174
63
451
53
82
64
411
458
92
235
166
290
300
386
454
444
6
474
146
290
207
19
16
348
6
249
59
370
21
36
375
340
0
86.6677
486
348
39
473
51
121
303
116
443
196
168
365
453
345
367
264
175
292
345
222
446
180
22
214
228
45
345
412
234
116
144
218
303
40
324
88
190
461
187
445
207
488
483
247
144
499
331
107
420
246
45
160
42
47
382
193
496
0
86.1838
24
113
211
499
193
61
332
26
310
361
13
18
208
43
405
45
64
159
151
28
479
211
205
438
463
73
193
362
93
76
496
90
431
6
458
368
368
103
222
55
288
384
234
67
359
486
377
338
213
399
0
44.7557
235
175
394
212
301
291
379
359
44
286
152
203
259
288
382
490
26
467
168
246
139
494
339
175
17
353
263
21
414
3
227
359
113
374
427
274
147
399
268
182
193
110
0
31.4606
319
138
414
383
427
114
174
332
153
368
417
407
30
111
278
23
283
12
281
494
95
233
330
412
256
387
122
484
353
181
207
159
298
179
252
330
118
69
65
57
496
131
173
487
57
233
71
42
281
211
235
361
0
85.7601
23
432
129
234
286
448
238
474
70
73
23
444
471
196
156
444
42
126
1
192
23
346
73
46
330
372
62
240
450
479
197
414
222
375
141
359
147
428
32
487
128
179
335
286
96
421
435
24
200
113
28
383
490
0
32.8649
371
46
201
143
314
364
127
420
53
286
432
280
257
187
112
451
173
57
347
241
184
186
221
51
417
467
448
374
425
11
403
325
365
347
500
243
224
134
449
53
261
41
390
195
308
0
68.0056
22
473
200
210
246
177
76
32
16
416
84
55
84
199
211
27
367
57
331
196
256
52
430
1
9
312
485
348
261
265
118
130
279
116
334
181
146
2
400
88
401
141
145
86
285
234
193
72
127
389
167
221
168
0
8.9172
2
245
410
383
181
86
153
126
116
476
71
427
4
21
428
203
226
139
301
33
405
415
257
151
77
475
466
83
331
351
11
31
473
290
332
305
362
105
401
278
469
433
321
148
0
17.7279
60
233
95
156
403
285
251
57
274
283
97
9
161
218
309
130
174
317
54
302
454
463
197
12
182
312
356
280
166
17
349
105
334
124
472
23
241
201
353
190
326
354
77
50
339
335
185
248
83
93
0
96.7837
141
31
410
147
127
97
199
422
134
312
438
349
279
80
231
5
429
173
88
99
252
91
269
318
219
189
497
424
49
284
332
450
496
206
84
197
23
175
313
303
86
244
0
8.9127
252
381
422
102
399
299
383
85
320
140
248
445
477
104
295
464
119
88
463
414
490
377
182
41
74
9
496
77
170
233
47
33
201
162
75
142
294
143
326
141
178
404
487
212
112
458
0
34.5303
467
462
330
357
270
351
234
239
31
378
5
184
55
84
413
230
209
119
271
354
253
306
360
412
473
423
263
12
280
194
276
496
67
221
414
458
139
165
239
183
390
279
167
275
490
7
151
449
436
190
0
13.2287
244
31
285
291
433
258
252
356
279
304
85
403
94
365
299
466
129
272
233
192
167
317
397
148
192
99
327
432
285
379
474
352
319
359
428
271
396
184
285
482
7
156
179
164
473
31
154
345
405
433
289
0
43.6447
97
319
463
147
277
242
244
119
478
146
243
235
495
492
348
230
434
317
60
418
165
160
171
114
419
299
29
121
428
495
252
158
84
272
257
43
137
95
262
262
61
360
477
3
471
477
335
110
236
450
0
98.9225
443
288
392
443
414
390
206
173
182
456
462
396
117
74
199
161
174
318
185
406
69
93
189
23
402
499
136
309
423
151
39
451
399
234
101
201
319
440
395
489
216
102
210
247
332
319
372
199
411
295
35
462
499
0
79.1343
192
395
169
355
92
110
455
28
271
72
375
55
288
246
356
468
269
466
13
47
162
300
46
252
434
481
123
122
44
467
76
285
245
117
331
70
211
132
260
30
198
137
18
293
290
237
108
374
0
45.5189
368
480
487
323
388
167
228
246
233
159
344
105
333
442
331
307
7
112
160
469
275
189
446
34
448
88
99
48
118
132
16
328
327
219
209
252
320
354
232
410
197
332
62
454
246
19
0
24.2245
269
149
305
73
47
427
413
202
22
234
408
415
277
284
37
156
188
285
231
366
281
304
161
308
176
111
1
325
490
251
423
493
246
473
367
493
401
482
256
381
126
364
207
3
423
204
43
489
105
0
34.4937
221
86
216
293
97
314
17
421
429
310
12
221
468
360
2
30
455
231
82
478
20
170
492
302
333
406
186
248
217
271
53
300
269
161
33
343
250
340
450
333
246
349
102
322
122
349
431
0
70.0613
344
234
456
396
109
2
199
185
215
136
207
96
188
150
260
58
77
182
71
71
171
63
65
458
225
425
195
453
469
421
40
340
2
171
89
387
465
17
38
43
23
282
346
307
230
342
205
459
130
3
149
212
493
430
333
207
0
42.246
157
425
87
45
226
302
46
212
226
43
73
51
242
191
197
193
489
316
106
363
153
63
275
495
373
337
109
399
424
402
363
182
128
445
31
483
150
259
292
108
121
159
421
406
6
435
495
97
500
343
408
498
365
173
219
0
39.2822
291
101
423
147
9
387
121
17
77
496
496
204
443
258
4
95
307
96
34
256
20
95
448
81
127
445
324
266
273
240
225
312
379
357
261
267
222
434
448
278
104
456
407
100
403
469
478
274
181
300
0
43.2565
223
361
249
143
345
360
331
437
1
252
26
145
416
217
79
468
106
158
453
415
469
91
93
72
6
109
389
499
363
128
55
152
205
162
188
188
429
314
1
242
162
247
144
409
69
213
435
40
214
251
166
495
24
0
96.9673
50
262
3
318
471
347
23
225
186
267
378
32
133
183
441
276
42
492
291
27
51
114
245
453
14
297
226
69
338
337
433
326
326
187
152
128
386
369
311
395
286
372
265
112
36
314
227
336
236
196
427
300
54
166
279
196
127
0
94.3721
131
362
356
417
434
278
47
161
450
110
244
446
212
211
60
105
359
453
309
53
77
413
140
9
426
365
57
75
188
127
268
347
252
63
156
441
333
383
190
258
329
252
78
94
306
44
204
189
8
202
168
44
221
0
85.4368
321
426
65
155
201
9
110
86
369
398
460
345
308
149
356
283
63
131
294
213
86
315
105
28
93
300
268
204
349
311
282
135
85
362
288
202
67
439
481
364
391
323
167
286
454
51
125
0
58.208
412
469
189
409
4
447
199
491
119
475
268
236
289
406
79
209
106
61
449
244
487
97
475
462
251
175
264
339
51
132
79
409
437
117
285
490
462
180
435
387
311
271
185
305
418
197
279
430
360
116
276
0
27.8138
305
195
127
32
13
58
122
161
470
258
38
398
12
473
350
247
407
249
299
48
326
499
340
152
366
18
450
30
69
208
422
275
291
400
177
267
165
57
337
394
471
469
72
368
327
82
250
228
264
273
172
0
85.3487
398
139
60
421
35
148
47
42
456
294
411
297
79
235
371
394
408
118
439
500
432
88
61
374
466
345
2
145
272
248
16
322
38
128
75
172
169
412
324
242
443
482
168
265
424
179
358
476
463
306
173
339
291
454
0
17.3757
355
39
411
374
149
99
21
398
136
65
19
133
420
308
314
223
14
490
396
11
294
209
7
497
146
233
37
331
70
61
429
99
472
288
461
494
413
151
309
438
114
89
45
492
490
479
24
423
36
40
146
221
133
0
93.2108
406
376
132
285
377
497
334
344
56
464
117
379
173
310
32
438
319
267
26
32
21
101
298
96
323
46
15
159
132
98
350
47
436
194
260
168
164
432
381
141
46
0
77.3065
213
361
168
294
465
311
321
420
196
190
53
35
197
253
2
60
189
489
405
410
27
167
207
50
349
80
28
342
210
17
408
201
309
172
432
9
32
409
89
231
422
258
385
124
292
144
9
181
367
126
178
27
324
393
491
0
62.3651
421
314
136
247
332
464
37
395
243
359
464
451
389
216
433
373
478
338
455
114
31
292
497
28
110
109
12
495
401
450
465
321
51
104
29
330
376
346
44
383
181
5
176
128
402
49
54
327
231
155
359
449
0
30.7612
48
16
174
51
300
332
455
366
271
173
466
48
154
137
197
419
384
233
421
239
174
276
338
454
299
4
203
196
10
146
36
418
276
332
400
204
166
108
345
476
226
144
396
199
325
238
10
59
335
280
335
31
229
128
0
46.1228
194
331
460
245
204
276
345
43
359
39
459
203
346
272
205
351
136
171
410
6
87
58
121
325
17
363
135
492
79
239
358
78
56
283
190
19
384
298
75
128
32
230
309
302
36
207
234
0
68.3554
306
190
72
352
393
392
141
241
300
390
18
241
488
336
58
295
438
308
368
283
53
63
456
243
400
36
112
446
13
21
66
257
146
287
156
445
70
384
424
369
381
433
467
152
55
197
490
429
412
0
35.8984
451
462
481
271
269
348
9
38
457
374
362
222
329
457
313
35
386
112
89
193
492
173
262
492
59
473
136
352
464
100
373
494
228
444
241
141
27
278
76
376
493
475
144
444
299
230
135
219
0
34.9827
211
169
202
456
217
140
265
294
234
379
80
391
214
412
145
399
266
396
377
85
182
124
183
250
249
373
440
20
7
411
411
388
30
94
92
115
61
381
16
38
109
453
81
285
183
62
212
0
21.9151
155
67
467
326
126
35
349
219
330
287
70
441
443
310
169
142
316
144
262
10
16
116
2
399
426
264
356
39
467
209
321
248
260
344
359
324
372
92
31
476
64
258
365
327
464
390
447
191
457
8
115
180
350
409
65
415
331
140
0
88.0598
440
173
313
263
128
330
219
386
300
287
432
425
379
323
388
346
166
172
335
4
390
392
196
447
197
168
203
415
213
195
209
323
314
348
231
240
289
484
0
54.2906
286
473
99
280
273
246
303
357
27
296
295
4
453
422
117
118
249
342
135
15
125
179
83
455
415
53
30
233
435
427
470
350
243
123
72
230
427
411
310
440
436
393
189
479
373
12
366
217
121
174
347
337
154
178
154
76
55
224
0
42.2288
88
300
161
280
220
4
157
346
452
380
273
213
448
237
345
325
204
8
220
102
338
189
408
494
446
433
131
289
441
450
217
407
356
89
8
200
432
159
377
234
494
52
50
53
135
445
9
316
0
13.904
469
44
293
198
141
455
368
454
238
370
480
401
134
225
240
370
169
135
406
493
282
326
5
34
462
184
11
134
257
463
150
268
343
342
281
316
80
500
124
125
444
261
204
33
209
190
398
414
349
77
436
328
387
223
363
177
134
0
34.8153
37
239
83
159
278
5
99
442
334
466
124
336
438
97
338
153
479
312
430
6
125
106
30
432
236
190
184
209
142
218
425
376
221
255
30
482
22
396
407
402
415
225
309
484
113
88
469
69
72
215
281
297
0
99.7032
233
379
48
405
45
217
481
52
112
379
331
95
269
295
199
141
489
153
225
500
496
455
119
462
495
259
81
392
53
84
214
348
338
183
120
257
160
131
330
162
140
47
88
135
188
66
344
260
111
47
0
85.6489
481
430
120
146
164
63
448
17
290
350
309
490
6
126
359
304
258
59
492
236
413
386
61
26
19
211
459
301
116
349
370
313
365
178
470
5
177
462
129
235
290
457
8
85
492
0
20.8256
353
92
400
416
176
384
160
171
244
111
410
322
25
341
102
219
103
63
37
309
313
280
429
314
255
6
285
332
210
217
453
454
241
381
471
25
26
96
438
360
240
89
87
29
85
260
0
61.4891
236
114
257
103
249
74
178
249
376
178
137
315
127
124
169
241
461
108
79
195
263
102
101
85
291
345
219
2
181
289
426
287
369
96
317
116
274
472
41
262
399
74
325
465
186
3
482
0
69.4721
225
166
162
330
385
206
260
298
83
60
7
246
345
425
442
134
330
404
340
15
142
102
269
32
291
478
167
108
110
352
415
207
383
122
67
474
443
263
161
82
215
293
286
143
57
370
186
359
318
324
272
19
0
4.9731
434
438
444
430
168
200
150
443
473
362
364
284
34
53
412
349
273
406
276
462
459
222
83
312
239
48
20
260
427
280
71
403
389
338
473
469
451
446
7
72
174
459
299
163
115
314
486
280
414
167
488
443
0
14.8572
78
401
452
9
58
219
276
347
133
267
379
68
420
379
88
294
153
33
403
236
196
146
395
498
393
227
17
466
114
243
298
348
130
277
275
440
87
412
106
375
339
69
364
9
441
139
446
425
200
405
416
194
61
264
334
423
313
420
272
0
12.4215
368
333
362
217
209
312
99
337
234
207
130
405
2
305
370
22
34
443
407
307
492
309
266
250
219
128
230
412
354
240
305
2
390
33
138
383
0
65.355
197
361
375
302
117
439
441
169
181
401
348
493
233
322
303
228
449
177
53
192
167
51
318
352
224
156
26
168
321
203
344
268
310
291
218
212
272
146
177
73
82
356
58
178
476
263
0
39.7653
30
384
35
22
464
369
500
374
325
178
378
239
13
202
147
317
189
478
148
265
151
481
422
207
168
262
287
325
248
486
442
457
350
472
47
404
378
45
215
84
281
219
108
243
51
329
397
35
260
380
0
80.3234
172
150
402
463
142
53
89
319
148
192
478
347
401
19
64
408
161
31
318
415
172
151
150
114
169
68
152
282
450
332
329
419
472
489
153
365
292
256
479
326
68
89
43
185
479
151
222
420
0
59.8647
407
106
447
165
136
14
40
213
341
381
427
166
5
136
186
152
191
256
260
265
91
362
373
132
225
217
451
363
22
329
4
192
356
487
104
151
308
500
162
282
60
311
481
281
219
245
183
46
55
391
102
420
0
77.4516
84
223
214
254
397
100
365
161
248
375
58
6
388
404
351
406
105
238
74
406
325
191
41
302
235
425
436
183
487
262
102
24
274
209
149
383
421
252
224
232
58
1
249
476
350
68
0
50.1129
51
86
49
86
308
381
57
170
333
283
350
331
465
19
256
499
200
108
428
307
252
14
147
125
295
453
65
305
385
207
273
400
433
273
438
322
101
207
435
411
190
408
469
275
405
248
146
451
186
116
150
339
0
12.473
403
147
65
209
364
466
342
447
120
209
196
5
124
42
359
498
362
55
98
343
252
77
453
75
33
431
108
271
380
325
392
98
8
213
450
185
252
281
14
146
159
128
58
86
117
447
407
126
0
64.9155
348
317
150
406
305
49
280
359
34
330
58
73
90
354
400
159
366
316
204
186
26
276
323
406
170
465
62
73
73
269
304
26
489
289
500
248
130
141
234
401
24
98
486
446
452
128
0
56.5792
490
497
159
330
284
204
197
397
356
160
227
44
440
248
404
471
377
382
281
220
485
347
216
461
313
259
455
355
361
143
236
310
247
309
88
132
60
413
258
0
53.9716
214
187
214
105
418
208
227
331
305
44
72
470
360
284
373
222
150
386
392
151
295
198
298
17
45
276
146
327
197
40
102
71
96
304
418
451
457
396
20
493
90
105
180
253
244
329
361
396
358
137
249
129
0
72.3448
296
178
65
81
230
391
79
144
142
423
36
113
359
28
23
96
334
290
204
400
211
217
479
47
466
169
150
133
296
190
19
279
12
181
476
236
251
64
35
176
450
0
21.6455
200
306
69
283
394
7
150
137
333
471
126
457
150
239
272
363
428
140
36
195
487
310
449
392
480
240
279
23
402
30
293
360
244
104
354
90
389
161
422
333
494
75
171
310
401
160
112
419
0
93.8811
216
264
160
87
366
102
293
197
400
121
142
115
422
158
206
440
411
409
432
199
128
381
189
327
28
248
313
145
93
84
397
23
240
196
190
209
332
8
361
408
309
486
250
59
415
197
262
169
299
231
32
333
445
15
200
0
43.8182
116
454
278
116
2
393
387
135
144
246
231
147
155
30
374
458
367
78
448
37
433
477
302
440
391
211
114
421
129
326
123
344
316
299
288
239
39
190
177
327
197
473
278
418
313
495
122
406
437
229
66
472
76
241
462
473
0
63.5664
326
178
5
204
427
434
389
210
218
104
225
226
87
287
493
382
119
241
307
221
13
251
201
272
154
355
140
346
81
377
409
323
229
417
69
303
61
205
143
226
233
401
140
103
247
214
455
409
459
2
93
0
67.396
428
436
10
425
334
154
415
290
39
261
284
381
432
269
316
351
124
220
239
391
34
212
148
293
7
94
82
359
286
38
346
442
262
214
318
329
231
278
47
476
344
440
283
270
142
178
234
76
50
178
85
418
135
82
388
497
0
60.569
9
91
64
452
355
19
356
15
68
291
272
461
316
349
388
69
443
464
324
442
61
402
467
46
439
187
219
321
491
71
419
477
434
75
200
446
138
362
126
100
411
185
327
41
442
377
68
142
164
35
406
427
185
114
0
91.3314
197
477
217
376
141
439
489
221
404
62
372
31
381
152
154
33
32
247
193
60
28
73
361
4
174
426
324
376
474
431
377
207
270
169
488
21
432
355
118
445
499
465
54
402
31
83
32
111
395
0
41.2915
141
219
52
200
344
402
233
13
215
227
328
44
439
413
59
399
252
83
479
150
197
473
367
263
33
236
151
326
319
426
98
217
403
147
263
214
156
256
114
485
271
231
448
442
0
58.5226
95
437
326
255
115
334
208
487
68
40
497
179
308
183
155
462
190
190
147
445
70
478
500
64
323
182
395
104
392
86
3
358
240
130
309
200
370
323
447
439
446
34
370
6
472
25
358
105
119
0
84.8151
410
414
298
390
285
105
412
336
448
18
258
390
495
294
108
43
274
72
376
484
392
292
382
251
305
415
280
385
433
147
381
353
204
461
226
114
48
343
118
439
61
276
245
229
236
337
399
102
175
431
29
49
460
463
278
285
435
0
18.9805
249
338
418
253
199
397
321
122
396
489
317
398
212
30
46
60
485
308
180
298
363
5
238
432
119
409
256
57
189
22
498
495
365
211
379
494
149
390
291
478
258
499
83
91
487
175
105
45
365
270
473
445
171
0
87.3868
292
421
273
68
270
419
127
410
200
137
66
211
159
73
38
489
418
204
465
182
70
180
73
390
351
141
429
159
8
159
112
157
240
155
331
332
406
344
500
311
337
0
50.4381
384
127
471
7
100
422
455
231
290
159
477
234
305
409
69
231
23
434
75
144
208
154
99
370
389
459
453
410
58
449
293
490
360
76
161
306
255
21
189
384
137
245
331
472
227
0
13.8208
448
120
444
451
271
181
136
91
360
124
24
252
423
216
402
281
10
64
248
132
192
38
358
43
480
33
230
472
350
48
364
186
457
60
349
79
311
492
19
140
289
266
419
239
414
365
293
133
0
94.5621
467
396
200
320
498
110
298
241
318
90
325
358
59
225
462
155
476
343
407
393
52
80
335
268
202
147
143
458
422
84
113
137
174
8
102
168
136
205
118
385
223
288
101
294
242
14
430
48
438
476
234
359
323
79
45
393
0
21.4205
199
99
105
449
337
467
145
98
251
414
123
244
135
210
236
275
266
155
20
463
446
433
177
232
60
118
487
414
54
463
400
427
396
335
360
447
276
230
152
205
378
220
238
395
360
363
284
43
279
0
73.0988
105
225
427
359
172
217
362
237
156
324
497
318
363
451
269
395
147
463
334
477
4
38
435
74
307
316
40
394
464
41
377
235
149
399
461
323
482
369
378
199
87
378
190
411
183
73
133
259
321
223
305
12
137
0
45.4285
75
225
89
283
474
21
473
368
271
135
496
311
424
106
317
75
442
107
447
180
300
83
104
400
376
205
101
370
157
118
420
55
248
261
149
355
55
346
161
322
484
36
70
337
361
233
0
79.2444
155
380
391
110
78
80
261
238
306
284
164
170
353
359
281
21
213
64
59
257
454
442
56
219
339
224
195
353
153
28
299
72
195
415
291
140
326
383
500
396
351
54
134
385
153
431
77
397
14
0
56.651
204
207
171
32
130
455
114
396
211
230
263
221
74
445
215
400
40
157
341
162
62
301
484
66
404
333
342
131
373
230
125
143
63
202
438
233
443
342
443
189
337
144
429
101
418
47
195
248
164
493
389
0
88.8464
456
320
425
326
35
402
426
212
327
93
29
350
17
294
395
247
326
18
193
290
491
395
320
205
142
409
334
160
252
13
113
100
447
416
446
344
119
262
242
403
213
205
354
129
464
0
90.5752
264
310
119
330
212
229
458
83
376
122
207
430
388
105
197
352
50
141
113
175
357
341
111
384
110
170
143
91
53
410
350
97
17
67
277
182
137
239
328
276
343
46
446
185
255
386
7
351
447
324
478
0
99.7035
494
292
150
35
255
309
250
94
411
4
94
259
164
347
426
239
345
384
344
247
319
20
34
16
466
208
315
177
205
380
447
230
218
191
452
236
332
293
64
427
293
78
323
406
17
74
195
398
175
0
45.6856
218
412
75
275
292
374
151
82
229
432
21
253
178
405
91
280
399
443
153
497
5
398
84
172
220
201
458
138
327
57
351
466
9
183
119
112
340
140
163
422
280
95
21
325
469
19
0
67.1175
82
150
303
348
460
358
160
265
405
200
9
83
63
68
405
62
274
314
192
109
278
300
35
71
357
208
374
54
111
398
490
131
72
300
352
122
471
341
46
65
181
93
176
138
265
222
206
364
103
380
0
40.7569
378
219
305
13
204
435
158
315
136
249
286
156
276
160
82
199
151
428
69
160
49
150
246
493
63
464
181
351
458
63
40
76
208
394
286
142
404
356
310
144
102
42
73
0
2.8234
269
487
500
89
69
296
137
61
116
178
373
256
476
197
418
480
458
412
444
243
186
103
319
281
345
174
143
311
453
22
453
476
118
130
221
2
308
462
7
88
356
41
145
421
296
270
58
126
0
15.3347
228
466
325
157
246
293
388
431
382
153
65
367
299
429
197
184
375
82
500
396
68
57
207
161
58
410
39
165
86
483
494
339
467
104
40
412
232
60
57
496
2
81
410
370
290
207
365
0
60.5744
244
3
81
236
248
391
496
439
145
326
158
371
98
233
308
404
293
16
187
300
151
23
426
122
306
413
110
191
174
300
419
90
122
20
262
284
347
377
44
473
494
83
168
56
259
286
390
11
278
112
460
278
150
258
98
347
287
0
10.3649
283
64
196
341
214
134
440
294
52
63
312
77
488
75
154
77
315
256
52
79
60
409
244
177
108
366
372
489
395
119
411
322
96
66
29
88
113
498
202
393
130
478
303
431
311
69
380
376
0
50.8879
268
464
239
128
122
367
257
54
457
334
30
496
352
334
337
330
471
86
207
88
242
223
294
93
324
116
383
370
189
148
217
168
372
463
62
85
42
228
265
239
58
175
458
89
383
418
283
169
210
85
306
384
183
364
309
53
0
58.5531
349
13
46
412
352
193
229
324
160
265
111
95
15
355
416
304
387
197
242
389
251
8
73
392
283
494
412
487
344
317
455
314
121
216
498
242
83
403
435
327
16
355
473
301
214
499
179
0
68.3478
69
256
273
420
243
414
465
180
392
156
145
39
280
371
267
368
123
328
320
100
408
222
348
364
216
213
122
292
16
171
9
88
384
373
320
110
227
457
434
389
145
122
37
370
393
431
231
0
8.8494
302
258
350
436
412
214
130
21
273
295
304
254
416
23
186
472
485
485
29
239
9
455
233
125
88
75
416
148
468
148
254
133
360
162
167
369
425
132
341
409
472
469
420
328
24
121
472
0
17.3771
54
383
152
389
91
249
193
330
443
348
23
34
186
357
472
403
437
477
104
3
31
369
405
139
3
218
16
1
355
64
351
482
439
202
89
286
59
459
364
310
393
15
468
237
242
106
113
0
19.8979
377
492
111
250
95
453
89
444
427
109
243
399
17
82
479
241
468
301
53
84
13
205
157
331
317
55
134
472
417
477
175
202
410
85
399
1
45
363
325
128
327
42
103
449
336
479
349
445
0
60.7034
406
131
2
278
164
212
476
421
176
210
141
138
222
425
465
57
73
25
247
15
159
328
465
446
166
453
286
269
76
168
236
311
256
191
255
128
366
88
417
73
17
14
151
173
13
325
256
228
5
328
486
144
368
481
308
306
134
425
121
39
26
274
248
0
67.4108
472
493
242
227
233
229
45
439
31
298
287
291
59
429
382
40
75
286
282
23
56
347
320
148
405
296
471
148
76
448
399
30
405
262
246
338
63
115
259
234
444
287
492
352
226
452
177
160
398
469
164
253
9
495
182
355
365
0
81.5681
384
169
327
273
49
369
151
90
214
166
326
74
362
228
250
252
97
100
460
427
262
325
235
280
228
424
260
486
56
422
365
115
298
421
202
395
262
460
337
341
11
37
468
402
273
5
450
0
80.8069
394
314
216
190
26
424
375
112
81
410
415
146
202
16
276
222
398
227
482
357
315
287
418
246
115
440
388
47
215
54
169
103
21
6
270
178
480
426
302
48
47
373
301
20
375
89
148
2
76
70
419
386
362
231
429
0
62.9756
83
268
161
407
153
310
436
78
200
123
397
16
376
59
79
135
432
468
157
141
362
316
45
221
369
176
354
126
302
69
276
184
465
309
385
404
257
46
370
13
241
361
77
202
473
139
17
371
407
238
458
136
75
433
0
41.2789
52
443
197
285
176
395
96
124
191
66
96
334
449
118
99
280
91
494
201
166
166
276
183
319
415
36
265
330
230
225
255
208
227
20
488
196
418
303
66
57
127
293
194
443
8
53
495
412
211
274
414
101
176
0
98.2688
140
391
72
446
459
109
49
256
344
471
334
431
412
126
321
490
55
372
69
80
369
237
428
242
138
401
448
165
210
234
366
342
150
128
54
351
487
317
113
153
324
45
407
492
208
124
0
54.9336
201
64
256
439
465
355
45
216
267
412
318
63
400
231
336
94
14
72
370
350
347
413
50
188
137
233
248
108
323
111
386
149
394
139
231
449
110
264
253
34
37
498
351
36
344
229
0
99.6243
273
45
230
408
499
292
94
173
261
13
462
255
247
456
437
181
426
85
33
101
386
40
54
454
435
112
123
94
144
190
260
318
127
162
99
467
298
385
115
282
397
46
260
457
422
114
121
1
148
0
16.5742
178
361
59
292
11
240
248
353
54
408
248
263
230
186
205
220
76
316
330
15
438
469
104
98
56
56
156
261
328
264
1
435
190
447
19
14
444
40
390
189
81
118
247
76
153
374
416
253
237
218
342
265
432
118
0
61.8216
183
90
197
311
385
495
103
497
208
347
232
481
163
154
495
480
3
158
282
452
434
244
457
232
62
311
202
488
421
210
444
271
492
39
138
445
222
49
495
153
44
218
71
493
11
96
220
448
0
61.4308
188
404
378
176
73
63
315
348
128
77
24
415
115
280
406
336
221
464
271
159
217
215
237
142
53
397
388
231
248
332
148
297
82
10
32
46
253
314
195
211
417
449
103
455
336
327
317
44
78
276
222
332
414
0
89.0814
423
452
110
206
199
452
478
445
301
16
421
63
132
341
378
315
247
205
7
171
231
489
181
75
242
268
364
169
365
428
174
291
387
500
80
134
364
276
126
33
50
79
10
239
322
119
459
85
0
26.9127
244
489
298
410
110
56
423
101
213
31
412
369
296
311
315
405
437
338
458
368
174
409
493
134
9
300
201
356
270
114
66
201
185
255
11
150
280
454
248
18
386
160
195
289
82
132
174
314
162
0
33.4898
419
74
390
92
463
319
372
212
171
439
317
77
229
425
129
466
239
115
49
326
399
19
252
428
468
85
488
169
406
424
437
4
446
153
13
492
211
94
350
376
28
273
393
260
337
338
439
388
399
37
9
0
39.1769
189
362
39
10
296
465
445
420
477
443
48
364
317
106
450
121
319
143
29
444
103
379
257
34
4
106
125
485
344
51
335
206
463
465
434
220
451
362
485
356
32
192
175
309
462
316
98
241
282
264
474
423
149
0
57.0549
82
88
488
408
15
155
259
175
190
282
308
10
327
343
487
168
105
239
482
356
487
286
430
18
384
228
26
92
485
22
228
22
310
351
36
293
449
356
363
195
274
6
201
488
217
304
473
98
136
0
85.5047
456
33
463
91
144
459
469
301
85
426
9
219
52
381
499
282
498
432
14
108
167
389
105
327
471
330
255
413
326
4
164
204
104
260
216
212
374
376
377
446
25
40
135
289
452
45
42
64
0
39.7075
386
420
315
129
181
442
139
321
160
41
404
165
500
111
370
3
28
308
101
203
476
75
420
120
222
446
316
226
187
19
55
489
488
261
343
419
89
362
484
263
216
220
406
0
72.2835
300
300
344
335
295
107
135
309
158
44
272
363
288
88
59
26
190
54
420
95
62
225
400
23
479
104
318
11
183
144
204
326
186
375
300
332
8
499
30
431
319
25
85
195
299
290
114
31
267
367
33
265
0
77.157
69
23
107
479
275
324
144
141
14
363
305
270
303
247
259
456
58
124
246
190
480
48
182
118
370
455
480
78
59
36
417
318
216
122
375
465
464
292
318
118
471
25
73
453
433
157
63
433
250
475
312
472
35
116
72
0
57.6978
178
286
100
428
376
239
415
294
381
447
237
31
239
85
251
345
313
311
119
301
122
105
490
315
152
24
53
387
437
278
321
399
304
215
8
260
213
142
91
297
493
466
335
294
416
32
27
171
343
357
0
26.6489
372
384
43
91
161
86
434
454
352
275
348
375
257
165
312
484
497
349
383
471
48
431
78
160
490
259
481
485
355
489
283
475
137
159
250
238
410
123
172
151
373
122
122
271
0
77.506
462
291
69
238
34
149
95
76
275
321
212
14
8
397
351
413
245
223
368
264
131
245
439
343
287
345
140
474
415
9
182
373
404
338
178
361
126
308
365
292
461
441
106
50
482
140
106
418
493
382
262
0
23.8168
93
465
204
105
403
269
50
243
20
123
414
325
258
335
243
180
337
39
124
334
299
151
165
122
290
129
499
193
12
90
344
134
342
288
310
177
346
93
157
11
457
346
316
111
404
0
12.029
352
444
380
74
194
247
333
467
436
259
11
421
333
335
51
100
294
212
372
368
236
193
142
195
308
445
110
174
176
256
194
28
377
217
282
127
181
269
297
286
103
284
335
15
390
96
0
