50
30
32.7547
28
7
2
44
0
1.662
12
28
8
10
0
2.9705
29
6
5
13
46
0
91.79
45
45
44
29
28
0
85.2417
42
24
27
17
46
0
12.0455
50
8
11
8
39
0
74.1584
43
43
28
17
37
0
94.705
44
29
25
19
0
2.7869
22
25
7
49
46
0
40.4651
45
15
13
21
44
0
66.4162
26
45
15
18
18
0
18.3477
36
23
16
15
38
0
29.252
7
1
13
6
36
0
39.9068
4
23
44
46
4
0
90.1299
49
48
18
18
15
29
0
92.9918
36
48
13
32
48
41
0
31.6537
10
45
1
41
22
0
60.6257
26
19
47
35
0
6.2214
20
45
32
18
0
18.9388
39
47
4
3
20
35
0
97.6464
13
32
50
30
0
19.4148
49
14
36
39
38
0
5.6825
39
33
15
40
0
55.859
2
49
23
4
40
0
77.123
33
3
1
49
48
0
12.9355
37
29
20
14
43
0
61.0875
44
20
27
37
15
0
15.2032
26
28
40
14
4
0
57.0572
44
38
46
13
49
0
20.0935
8
9
31
48
20
0
