100
500
74.5356
5
96
16
27
95
47
12
42
43
95
0
37.1816
6
60
69
21
94
86
31
25
52
84
87
0
66.9768
62
18
86
86
74
27
70
73
16
76
7
0
15.0279
54
69
66
16
68
15
95
83
29
5
0
78.456
57
100
96
64
75
66
25
37
45
89
0
39.8045
9
7
83
64
86
2
91
66
38
22
89
0
88.7139
89
72
94
70
84
31
79
73
77
0
14.5905
88
77
29
41
74
81
29
1
15
0
8.9628
54
100
49
28
59
10
65
83
97
33
0
99.2369
84
39
19
28
71
54
42
96
2
32
94
0
6.8905
77
86
72
76
37
92
88
69
37
0
7.4106
67
53
54
65
32
99
7
46
8
44
0
61.8291
56
93
9
99
91
87
40
13
30
18
0
37.9855
97
64
14
81
15
77
98
37
97
24
0
33.9164
66
85
65
18
61
84
19
55
95
13
0
33.0455
92
97
34
34
96
21
94
20
73
98
0
59.4165
96
39
86
93
11
15
78
64
57
76
65
0
47.5515
62
19
30
94
40
20
89
17
66
37
31
0
77.1194
30
88
69
44
46
5
38
68
95
0
8.8022
42
4
54
92
26
44
66
18
64
60
0
41.5624
78
62
47
56
80
81
50
81
87
0
55.6861
71
5
22
43
3
38
99
4
73
29
19
57
0
46.1967
52
10
63
7
59
61
100
92
90
95
0
74.7616
53
22
57
90
34
84
6
84
80
35
0
92.2507
4
53
93
38
25
31
33
59
10
12
0
77.296
17
2
56
69
54
55
87
88
74
80
0
57.8389
9
23
55
59
39
98
51
10
5
20
68
0
27.881
3
3
54
6
92
48
73
50
36
96
16
0
41.8702
84
77
77
44
33
62
14
18
61
61
0
58.5373
16
53
18
9
90
29
92
37
85
84
0
54.486
42
60
45
65
83
58
97
8
70
92
49
0
89.6545
93
20
91
85
51
46
37
82
69
78
59
0
25.7344
71
59
17
98
25
60
40
33
99
80
81
0
16.0308
83
66
24
35
4
63
47
28
74
47
0
20.7168
76
30
21
54
94
76
86
11
10
80
89
0
88.3376
49
81
26
81
93
4
93
64
39
74
3
0
81.1745
45
99
34
98
85
25
81
51
82
63
0
56.0297
16
98
70
95
3
5
28
69
75
70
51
0
9.1714
59
49
42
97
98
61
48
62
15
54
0
63.2697
6
17
77
57
96
60
51
51
56
0
29.2422
2
43
85
15
86
68
59
91
74
0
27.7375
97
31
95
98
48
92
53
80
0
6.5452
71
47
55
6
61
16
97
14
34
50
0
44.732
6
8
87
14
6
37
99
58
50
0
29.4099
99
52
82
22
68
82
33
9
78
0
76.1667
7
82
50
34
13
28
93
44
55
86
95
0
33.7093
85
24
34
9
32
36
26
61
21
0
99.5275
73
6
62
88
69
66
52
75
18
0
60.6632
52
17
27
1
27
60
18
28
51
0
77.3932
13
89
21
26
73
90
42
96
84
0
66.9293
52
7
67
82
12
2
80
79
11
66
42
0
82.5838
59
65
57
25
10
40
67
69
56
0
83.5043
18
20
1
74
65
21
76
16
79
16
0
75.051
73
57
40
97
88
45
71
20
41
90
0
27.1043
10
29
53
35
51
12
78
94
1
40
0
54.1258
6
46
56
87
98
79
52
74
70
0
68.2505
38
24
27
88
53
43
28
77
52
0
1.6045
100
67
28
68
17
1
59
31
0
25.9316
52
8
34
17
85
61
82
50
53
90
0
95.1592
62
88
10
60
21
21
5
8
0
44.2109
82
70
93
60
65
7
18
89
12
0
47.1075
36
5
88
6
20
75
75
35
95
39
95
0
51.3289
33
100
15
23
15
57
84
99
29
13
0
99.3019
17
31
22
95
41
64
80
84
31
0
20.2421
85
39
23
88
74
2
38
67
63
87
0
81.4616
7
51
71
100
40
82
50
31
79
38
0
52.3118
95
59
58
61
81
66
80
38
78
1
22
0
0.24916
100
4
32
89
61
58
81
98
95
18
0
62.266
91
64
14
44
15
68
73
18
9
100
0
65.7934
57
25
98
95
17
47
95
62
30
26
0
17.1378
1
100
32
26
77
3
64
78
96
0
43.4752
1
6
80
71
68
58
95
75
75
8
0
93.9697
6
87
91
20
49
84
35
94
54
51
0
75.0393
96
66
70
6
98
75
46
32
13
0
31.9673
96
12
66
65
33
31
20
93
68
87
0
77.9067
11
27
71
81
29
90
19
22
13
79
0
99.2356
20
43
58
51
59
45
35
16
18
42
36
0
10.9414
33
12
42
63
70
3
81
22
50
4
0
16.0307
77
24
27
8
5
62
99
78
69
3
76
0
64.9408
100
30
63
60
18
68
80
15
77
0
53.9738
21
37
11
97
93
41
42
6
83
96
52
0
41.2964
19
63
59
64
11
13
41
4
40
96
0
71.9253
61
55
70
84
41
82
84
10
84
97
0
90.7193
85
97
26
61
32
65
25
76
18
30
0
70.008
91
99
4
26
60
98
79
34
76
12
0
95.8954
84
27
90
100
53
47
23
27
62
92
0
13.8011
91
16
7
65
47
97
93
67
0
96.9609
97
1
79
43
80
83
30
89
76
55
0
51.3034
25
39
87
18
29
61
4
70
9
25
92
0
23.5904
91
31
33
17
59
96
72
4
21
32
0
60.2905
5
40
25
33
44
26
79
62
35
71
1
0
70.6657
14
78
65
44
1
57
50
1
50
65
87
0
87.0574
96
13
76
7
36
71
97
49
42
0
77.2346
71
73
41
80
58
96
41
95
41
0
98.2014
9
43
34
38
12
28
3
60
49
19
68
0
72.1708
16
5
1
68
44
31
54
66
5
83
0
51.389
2
73
21
82
55
10
32
69
34
92
0
66.4257
26
91
83
18
63
12
38
56
23
52
3
0
94.225
99
47
78
16
39
14
33
23
44
96
0
3.6109
10
80
6
11
69
62
59
31
93
0
39.384
6
4
68
9
65
30
84
9
25
0
98.4383
72
48
96
56
22
87
32
86
21
97
76
71
0
8.1693
15
56
63
48
28
53
5
39
19
63
15
6
0
7.8109
84
35
97
77
79
97
73
25
8
35
20
0
24.6415
54
82
82
67
49
53
21
96
92
70
36
0
40.1714
66
32
66
8
48
21
64
18
26
41
0
7.1739
19
81
50
28
70
46
65
73
26
72
74
0
83.3074
97
84
82
87
96
30
99
96
21
89
0
17.0131
86
9
92
6
74
1
15
34
50
0
32.2562
78
55
32
67
59
67
65
20
74
91
0
83.4035
15
34
85
3
82
29
50
19
74
2
0
9.6871
16
79
49
12
37
67
7
100
50
84
0
91.7123
56
82
82
44
36
36
52
14
58
0
55.1371
98
52
20
86
87
38
56
3
3
0
90.8909
1
80
94
89
16
17
76
86
15
88
0
78.0342
83
95
87
14
50
63
63
54
45
0
25.5057
2
77
50
11
42
3
94
95
1
52
0
13.0963
1
58
23
6
17
37
62
1
59
49
0
68.2043
34
51
29
72
55
65
76
60
31
71
0
92.3105
63
93
47
57
61
88
67
32
34
0
43.3341
12
23
62
99
39
96
10
24
71
79
74
0
85.2971
62
21
52
27
75
82
60
44
24
0
15.1748
99
92
66
45
4
15
89
76
61
49
0
58.7903
72
1
3
95
70
91
8
88
70
30
64
0
98.2907
2
76
27
44
97
33
93
72
72
6
0
58.8154
26
21
54
17
70
87
52
53
53
0
51.008
14
20
87
11
97
93
98
2
61
18
0
48.7504
48
68
64
92
89
26
45
34
97
0
79.9935
59
32
27
40
57
99
7
56
33
0
20.5055
66
28
23
77
65
20
86
61
70
0
93.9109
50
36
10
84
77
58
97
49
82
79
73
0
19.0541
42
67
75
83
14
29
83
49
5
36
1
0
52.1206
38
16
100
68
93
32
27
42
33
0
49.4908
93
48
33
31
91
85
81
20
60
0
13.2918
7
45
55
93
51
79
11
68
81
32
48
99
0
97.1541
65
75
44
42
47
53
67
18
29
14
0
84.6789
5
10
26
30
44
70
31
90
58
62
62
70
0
96.5886
95
95
97
25
61
95
90
70
84
44
92
0
88.4109
43
26
100
23
100
23
15
76
93
0
9.6726
89
23
41
66
94
41
78
72
58
67
8
0
79.952
96
95
4
99
79
21
95
24
32
57
71
0
39.4402
55
16
78
71
89
23
10
10
93
97
98
0
70.1523
41
21
8
57
30
43
64
9
30
91
0
61.6574
58
72
30
46
36
27
74
66
7
6
0
15.694
100
13
88
89
14
69
17
0
22.9227
4
54
35
9
47
96
7
77
85
89
87
0
42.2012
41
49
75
5
57
22
54
60
85
20
0
53.2218
48
71
60
29
56
81
43
32
11
0
62.0031
33
44
35
83
55
53
35
61
34
0
8.3836
88
10
32
11
49
10
8
26
50
0
7.5474
36
66
53
98
28
33
82
24
49
77
94
58
0
23.1445
80
29
87
34
22
29
85
52
95
39
0
61.5153
43
49
37
99
22
98
10
72
63
80
67
0
14.015
48
53
92
56
50
44
15
64
7
0
31.0253
95
33
83
83
66
16
75
34
80
98
55
0
39.2011
74
72
55
24
94
44
11
75
11
23
23
0
26.3425
86
19
86
47
71
67
90
51
23
26
62
0
89.3704
27
39
28
18
41
6
87
14
4
95
93
39
0
56.8175
44
45
7
69
17
84
35
84
0
66.4018
88
51
62
67
53
91
90
28
19
43
0
21.4926
53
74
3
11
86
57
39
51
68
0
36.5894
18
27
15
75
30
63
75
13
53
29
0
74.1081
43
57
52
53
65
64
13
80
13
5
52
46
0
27.5011
36
58
75
70
49
43
76
57
40
0
71.9767
33
3
79
95
94
34
25
91
49
77
26
15
0
67.1119
85
94
10
75
83
17
9
78
28
0
38.3011
3
83
12
51
53
67
79
83
37
32
0
20.8977
36
99
20
89
42
39
58
21
22
0
37.4555
3
17
54
51
25
24
49
89
10
0
40.6376
33
95
4
41
2
100
4
88
23
23
0
4.0461
31
10
60
46
13
41
19
12
42
100
43
0
57.2491
70
24
53
31
3
99
17
23
9
68
0
10.2851
81
99
15
53
74
80
82
50
38
79
72
6
0
21.5701
39
47
50
16
71
32
84
59
30
0
14.5114
53
71
65
45
75
82
60
38
34
58
51
0
14.4442
49
80
4
53
70
35
77
60
70
0
36.7095
76
63
6
71
35
63
19
76
40
22
0
76.4836
55
57
25
22
94
85
43
86
19
62
15
0
21.1217
28
89
69
74
84
10
40
1
79
22
0
99.5241
30
86
13
54
49
14
55
88
73
31
28
0
62.341
84
96
26
50
1
95
47
88
41
78
65
75
0
61.9422
31
7
27
84
13
75
49
39
56
0
79.3395
97
56
54
87
22
14
26
87
99
32
0
86.8807
51
89
82
83
14
51
90
99
19
62
85
0
49.0051
59
66
39
71
47
46
94
83
7
64
0
14.6175
14
75
51
79
58
80
7
93
34
50
0
60.4705
87
77
10
50
65
88
2
52
83
12
16
0
45.9479
34
1
25
37
15
35
96
37
19
0
44.8856
4
48
69
26
14
30
84
12
40
77
10
76
0
12.2427
61
8
42
10
79
26
29
36
82
99
62
19
0
79.1224
36
6
49
22
70
18
80
7
49
8
0
60.7973
25
8
37
75
49
69
64
77
0
56.4078
89
14
35
87
39
24
84
93
69
0
41.3861
37
11
55
54
100
19
58
26
7
56
38
0
73.7283
89
59
18
50
96
56
32
31
39
0
47.163
42
58
14
60
29
41
44
44
1
0
74.0132
51
22
64
10
96
40
97
76
52
81
27
0
3.7474
98
50
30
20
75
49
55
63
65
0
56.2656
35
76
91
73
31
38
72
93
0
5.5848
67
100
40
4
18
51
76
71
81
0
32.087
86
15
52
51
72
45
97
96
28
0
28.4037
6
93
91
93
41
36
74
94
62
0
92.4755
96
9
39
77
35
73
29
26
72
14
15
0
0.73011
38
46
32
70
90
53
94
75
67
0
49.3778
88
80
80
70
14
88
82
8
67
0
76.5857
78
44
93
19
76
65
74
13
69
20
96
0
61.2845
38
34
95
44
89
28
51
73
67
64
80
0
60.0186
69
59
49
26
4
2
100
34
8
49
0
49.0384
38
23
99
70
57
75
92
77
25
0
70.7516
59
3
54
63
14
81
37
56
49
44
71
22
0
33.235
14
4
91
81
31
38
87
67
0
78.8785
24
49
46
26
74
91
30
12
77
36
40
0
62.9396
87
100
7
25
29
71
71
95
70
6
83
0
80.8191
24
34
75
61
38
40
43
29
50
0
32.7482
8
33
80
39
96
84
82
96
3
0
84.9906
51
69
33
40
92
18
35
21
68
74
23
0
15.8942
70
100
91
79
83
98
77
32
37
0
97.6749
82
10
51
38
82
68
58
23
3
22
0
61.5913
62
22
19
25
22
16
69
31
87
0
91.1246
21
54
74
80
59
61
34
31
40
35
0
28.0776
64
20
32
25
6
33
74
12
92
0
17.2603
40
81
28
39
51
32
46
56
27
0
71.9281
38
55
12
53
18
64
3
89
90
81
0
25.178
97
27
18
53
63
25
51
88
48
0
19.9083
20
95
4
4
50
8
18
84
77
0
68.1408
90
79
83
31
55
9
71
6
56
16
0
91.1283
24
45
65
98
35
81
55
50
78
91
9
0
17.2125
83
59
43
54
65
35
61
20
9
64
0
69.6264
45
73
89
53
12
2
64
68
69
47
67
0
63.4804
19
53
34
46
13
46
15
49
46
0
87.6356
7
44
28
81
84
75
24
85
68
0
12.3883
55
69
72
86
74
25
52
71
78
54
0
13.0533
24
43
64
28
100
73
93
75
84
0
77.3533
73
38
64
46
78
18
36
4
58
0
54.879
37
1
36
19
50
54
63
87
25
63
0
81.1664
19
36
73
32
95
38
93
55
32
99
0
48.8981
12
11
90
45
21
13
9
50
67
91
0
75.0851
53
93
55
24
54
43
51
58
83
5
15
48
0
66.9716
77
88
84
45
60
5
7
80
24
53
0
21.1684
16
40
3
4
69
30
41
40
85
0
75.3834
31
28
33
11
35
56
2
78
74
12
0
44.0454
3
21
34
23
16
45
5
35
70
0
85.8353
27
58
30
84
11
89
89
10
28
34
0
89.2187
99
39
55
36
31
29
77
79
12
51
82
0
75.4807
93
50
55
33
26
55
64
54
23
86
0
54.6495
64
34
82
85
15
11
84
23
44
56
85
0
19.008
72
45
49
54
75
10
64
73
24
75
0
47.1279
8
30
79
26
15
61
53
27
87
93
0
4.5178
84
80
60
78
71
59
63
47
37
0
38.5709
65
46
58
93
17
44
22
25
20
26
0
32.6248
2
8
66
99
19
55
42
5
0
2.0067
9
79
23
8
49
32
25
66
11
0
93.0783
8
79
75
99
60
34
38
89
48
81
0
36.0022
96
54
42
40
46
75
63
82
35
4
0
22.6664
95
66
85
27
28
47
69
69
39
37
92
0
47.7587
39
96
2
99
77
25
77
87
70
47
0
17.0483
37
46
22
86
75
13
68
4
95
64
70
0
26.1497
100
13
67
1
34
80
5
23
7
71
53
0
76.3236
76
71
54
65
51
76
82
100
11
36
0
35.5364
88
68
58
35
66
26
86
81
65
29
0
13.5956
49
67
92
26
51
50
41
6
59
85
0
86.4663
78
16
72
38
85
3
47
87
28
35
0
65.3817
98
82
70
6
1
90
4
82
2
0
74.3047
40
70
94
84
67
25
36
64
0
16.3418
60
40
91
67
39
47
64
20
91
9
74
0
47.2598
90
92
22
25
56
56
13
9
39
100
0
91.1659
6
34
23
39
74
34
60
51
74
96
0
35.0774
60
98
91
58
21
11
7
79
9
11
46
53
0
84.5319
54
50
35
58
27
58
45
14
87
85
0
69.4096
35
19
33
89
49
22
88
69
9
81
0
17.189
1
29
30
64
40
23
58
24
41
69
35
0
81.9533
80
99
49
39
75
71
3
8
37
58
0
90.3092
3
90
46
17
56
93
27
68
46
1
78
0
6.9929
29
22
6
38
47
50
60
92
7
17
30
24
0
37.6351
92
7
37
81
58
89
21
30
15
0
22.4391
19
87
78
58
98
55
82
56
79
5
1
0
43.5698
18
28
64
74
37
58
60
15
52
65
0
90.7823
17
41
77
3
31
37
5
5
23
40
0
68.1945
34
16
64
91
86
50
11
89
59
79
0
35.3691
56
79
96
28
16
68
20
69
2
83
39
14
0
99.2436
26
63
17
2
57
88
34
77
40
49
0
97.2637
14
63
36
13
32
34
16
79
87
68
0
64.322
97
73
12
20
21
91
75
43
0
49.5911
16
75
62
89
74
6
81
59
16
55
0
20.8892
86
46
37
43
17
66
66
20
62
41
22
0
54.9778
56
46
33
21
61
87
64
98
66
81
0
96.1808
5
83
65
100
54
3
57
10
77
0
5.3819
42
67
72
82
79
94
88
52
62
22
9
0
79.9799
64
63
84
68
12
25
3
72
40
48
0
34.1708
72
36
8
10
44
47
21
7
57
26
78
39
31
0
53.0106
35
9
12
42
75
20
3
95
95
0
64.3377
45
63
17
94
58
100
2
27
40
0
31.7517
17
18
6
62
45
100
44
97
0
69.5326
27
49
45
66
89
16
11
34
79
25
74
0
15.8638
34
98
51
15
88
6
95
6
66
18
0
56.3561
94
61
3
88
77
20
54
41
34
22
22
0
16.2635
94
95
3
55
69
41
34
49
78
6
50
62
0
97.5773
60
22
13
71
81
17
67
89
64
3
0
32.926
91
46
48
69
92
24
23
28
17
25
85
0
15.8559
93
6
55
2
7
31
74
26
29
63
0
56.1972
35
55
2
6
37
5
62
5
1
0
0.57451
32
73
53
60
25
48
74
36
92
0
4.0616
37
77
41
91
88
80
31
93
27
36
0
50.1718
49
46
84
79
45
50
36
45
56
79
54
90
0
59.9048
52
93
93
8
29
31
14
18
11
0
49.3711
70
48
51
30
77
59
81
19
62
0
73.6845
75
73
58
67
68
29
14
20
40
0
17.1653
8
27
64
18
85
89
59
93
65
3
0
75.8962
68
29
97
84
59
57
88
87
96
0
13.0564
18
49
49
32
7
46
5
76
4
0
70.087
39
7
34
63
61
65
39
89
95
22
0
39.3706
57
9
82
72
37
49
30
66
80
0
4.8457
94
8
53
38
10
53
82
3
91
55
0
7.2235
51
85
50
58
40
73
68
88
68
56
30
0
7.237
50
18
93
58
67
77
2
89
42
43
0
25.2685
68
7
88
98
34
42
17
8
82
61
0
99.636
11
77
74
39
71
59
87
31
4
46
0
47.7104
40
17
45
56
70
70
26
86
9
20
0
78.1507
81
52
88
33
20
12
82
52
24
15
0
68.8672
56
70
63
85
11
6
67
35
25
3
0
11.2526
94
43
50
54
11
19
7
3
51
49
0
5.1737
76
27
49
47
51
63
20
62
76
0
87.5551
63
48
97
41
50
79
33
48
12
52
36
18
0
44.2681
22
51
45
13
86
41
69
65
75
34
67
58
0
73.367
53
67
83
67
22
56
70
27
11
45
89
0
33.3976
97
68
84
32
6
27
23
14
26
0
1.8596
89
99
100
31
1
51
69
44
40
41
0
70.7287
36
54
35
5
74
53
47
67
41
31
36
0
81.3796
23
20
31
47
54
59
68
32
51
0
64.2733
39
75
53
80
99
81
46
36
39
0
95.5662
77
31
36
98
27
54
38
74
6
67
84
0
68.6115
1
26
39
6
18
89
14
29
98
2
3
0
19.0035
38
37
1
100
63
35
34
72
82
0
95.4381
51
100
19
39
6
86
56
29
82
75
72
64
0
38.5583
21
2
98
19
32
15
82
62
98
29
0
63.3476
12
63
87
16
36
63
93
48
0
63.4638
93
3
41
12
86
6
92
76
38
38
15
0
94.0741
13
67
91
42
45
54
77
58
37
46
0
62.8405
44
1
51
1
36
77
19
66
64
58
42
0
98.3882
46
20
27
16
34
1
83
20
46
48
72
84
0
44.3987
61
68
47
2
9
10
57
50
20
51
57
0
5.8938
55
49
16
47
17
89
19
37
39
82
24
0
14.0763
76
77
21
23
49
56
27
9
4
22
0
87.7453
69
25
92
42
55
78
49
69
33
11
85
22
0
75.6509
14
75
26
72
64
49
56
41
69
0
59.4097
55
2
83
70
13
80
12
39
2
42
62
0
71.5364
57
72
88
66
3
2
62
35
63
17
8
0
3.6783
77
88
96
85
100
59
31
34
0
46.7837
51
11
72
70
6
94
1
86
85
27
52
0
85.9995
33
100
20
50
67
13
32
61
10
93
0
65.672
17
8
77
1
44
25
60
46
31
14
0
54.371
77
24
45
57
99
33
32
17
97
0
53.3936
10
64
94
86
76
14
92
14
76
0
48.6506
94
54
82
10
49
2
17
59
41
0
56.2606
94
1
100
59
8
82
70
82
12
70
0
93.4927
16
51
12
10
46
46
42
2
74
35
72
0
56.9878
93
76
55
59
100
58
42
7
18
0
34.1387
70
62
100
74
80
84
15
23
56
0
83.3586
19
68
73
9
44
86
26
28
69
63
0
85.2893
79
72
67
7
45
27
22
56
58
46
0
0.25187
67
67
69
8
13
31
39
12
32
91
0
18.9837
80
52
88
15
92
78
47
16
96
76
99
25
0
12.8837
75
65
85
99
22
52
92
63
37
18
0
49.7085
20
63
71
88
99
33
34
36
9
78
0
13.3476
28
47
96
25
74
92
95
60
66
48
0
74.0774
28
72
5
28
41
28
67
19
1
24
0
44.7332
70
33
99
44
1
12
83
27
70
55
0
5.5618
99
66
7
25
57
88
4
98
0
32.2135
85
86
79
24
91
34
73
16
92
55
0
25.8562
60
71
10
79
44
89
92
96
58
1
0
85.366
99
96
70
37
83
1
62
50
45
0
39.4394
5
1
81
40
38
42
35
85
67
0
86.1748
33
59
30
86
72
90
17
29
62
84
47
0
15.7259
38
56
26
36
60
65
63
55
96
78
0
3.3605
4
50
29
23
37
24
85
49
98
94
82
0
87.8346
20
50
40
65
88
6
77
47
40
0
70.853
100
100
30
70
36
12
13
66
98
32
0
34.9814
37
58
58
85
3
100
13
0
98.3743
89
97
54
62
86
93
13
73
91
26
0
39.869
56
85
48
91
11
26
64
6
15
0
56.0607
100
9
6
27
58
76
67
81
44
24
80
0
25.7894
39
77
35
41
88
99
4
7
0
68.7944
34
29
57
62
62
1
53
55
30
39
0
92.8651
82
76
36
75
56
26
4
6
0
14.5995
22
32
87
86
75
63
82
98
27
91
93
0
42.2968
25
69
91
18
40
65
33
71
13
59
0
10.5779
46
57
46
22
56
8
27
13
0
85.611
71
90
54
28
83
88
92
61
39
58
0
36.1831
12
12
66
39
91
18
66
23
8
42
0
82.6946
35
36
37
90
71
69
80
73
53
99
17
12
24
0
59.8392
25
37
61
54
18
60
16
97
76
91
54
22
0
96.3998
8
4
23
77
93
32
88
7
18
0
67.3706
21
83
15
9
9
22
22
36
52
15
0
80.2207
60
92
38
100
30
79
16
18
27
85
92
0
29.7061
97
35
16
30
43
72
39
16
72
15
67
0
57.3247
100
90
100
61
62
29
10
2
53
0
9.0289
85
70
79
39
14
2
60
27
2
55
40
0
45.9282
87
75
39
67
43
89
31
60
86
16
0
23.3261
13
19
26
84
17
89
64
75
50
97
0
1.4839
70
73
37
43
12
100
61
67
14
11
39
0
67.5316
86
48
59
78
75
58
87
60
0
98.6756
16
38
95
64
84
73
40
17
73
0
9.0495
38
10
85
28
51
7
55
54
73
93
0
59.6049
93
35
54
10
53
9
17
77
55
0
12.7046
43
74
41
68
10
52
94
52
48
84
0
40.5462
18
74
25
82
78
49
24
66
27
0
59.508
80
22
37
67
34
96
59
79
58
25
14
92
0
44.5662
89
16
4
5
75
22
22
2
12
3
0
33.0492
2
90
47
68
99
32
96
8
33
48
5
34
0
97.8162
5
62
56
3
57
36
24
88
80
0
42.1873
24
55
38
60
54
41
58
30
65
70
0
81.4555
57
41
62
73
32
92
35
54
13
21
0
90.4158
40
94
65
9
83
51
40
26
0
44.3707
27
5
50
75
3
83
79
93
59
25
64
0
67.1484
69
100
75
24
40
7
93
31
61
27
36
71
0
34.7393
26
26
20
43
67
89
46
75
50
0
97.9207
16
52
25
91
11
41
51
45
95
0
56.8754
81
48
11
55
86
83
50
14
80
68
0
5.0365
54
35
37
15
29
98
13
13
65
16
0
96.3714
86
69
15
68
80
47
49
86
17
35
65
0
99.6059
98
13
58
17
63
27
73
65
92
7
0
62.6786
3
68
92
32
9
1
24
77
73
17
65
0
29.7025
40
45
77
25
30
95
36
28
1
57
1
0
19.31
32
8
22
61
51
97
53
50
86
66
0
8.6128
54
42
79
61
50
81
13
2
74
60
62
0
87.3297
20
17
69
34
94
58
38
24
34
0
23.7449
25
55
97
6
63
90
83
88
62
84
79
0
49.8149
49
87
99
88
61
74
31
56
7
56
68
89
0
49.7744
8
4
73
59
17
64
29
90
22
0
92.1656
62
53
45
3
44
44
52
87
48
0
45.5236
30
11
82
24
19
73
99
22
54
60
0
69.0962
75
14
47
100
33
46
10
78
37
0
28.3393
3
75
69
93
94
36
63
88
90
0
72.3419
94
34
86
2
41
66
74
37
19
0
19.7712
86
98
44
4
78
33
84
41
91
0
26.2478
87
64
16
49
46
22
47
80
14
0
17.634
34
56
31
39
68
15
84
10
47
0
97.5254
48
43
59
41
62
67
81
60
38
0
17.1922
27
70
38
85
40
60
59
68
61
51
0
97.4891
69
6
12
48
16
6
29
74
52
91
0
72.5564
16
58
16
86
86
72
79
6
32
74
0
19.3859
24
39
95
62
13
52
90
100
17
17
0
63.6189
58
60
12
11
86
90
10
52
3
0
25.3473
50
6
13
25
22
40
7
69
15
0
4.1011
99
82
36
95
86
85
32
3
63
83
0
82.0672
100
45
92
47
21
34
17
78
27
91
0
1.9265
95
93
58
78
81
77
87
69
72
0
95.589
76
81
3
85
45
70
33
29
66
0
77.7987
33
72
67
40
40
74
39
40
100
93
0
18.4205
32
35
16
89
29
100
33
66
72
0
97.2131
99
99
17
73
95
70
69
37
0
3.2535
38
83
10
85
22
86
33
20
66
32
0
20.5706
62
22
14
57
34
40
77
68
39
26
0
65.9524
92
86
75
41
70
72
90
99
35
11
0
13.5086
61
54
44
15
17
60
32
1
86
54
85
0
79.8875
99
17
74
87
68
33
41
59
38
0
31.1857
46
95
51
7
44
2
57
60
10
68
0
54.3205
31
75
8
74
41
10
55
46
0
29.5127
20
48
48
38
58
93
37
89
35
0
8.11
30
55
27
99
71
31
38
6
72
66
0
71.1762
46
87
4
44
95
72
61
3
50
1
24
0
35.7007
90
28
69
42
67
27
57
26
51
87
84
30
0
75.8822
72
29
34
72
18
100
46
27
10
49
0
68.537
80
21
79
46
35
38
16
48
38
96
0
80.0898
35
93
91
39
24
43
26
14
0
11.5366
15
75
13
45
45
50
66
89
5
0
83.6286
15
25
91
11
21
99
63
5
34
41
0
84.4584
27
37
40
42
58
4
20
42
19
12
0
11.6875
89
71
18
85
92
63
56
83
77
15
0
25.9033
36
74
69
94
61
47
67
24
85
72
0
66.7972
74
88
69
88
16
3
91
91
94
47
0
60.516
42
76
80
8
66
50
91
14
21
81
0
62.3839
57
12
11
81
34
28
86
32
7
0
64.0543
16
52
97
26
18
43
36
26
45
0
77.2536
11
26
42
13
47
69
53
8
54
57
0
8.8613
81
45
79
57
76
19
97
59
3
38
0
80.6765
24
8
49
69
40
13
61
15
0
3.5092
75
97
77
14
69
28
24
6
25
90
0
22.6327
51
93
51
64
50
42
25
57
53
47
0
94.51
1
68
59
95
25
95
32
15
45
76
23
99
14
0
81.0469
67
48
81
15
52
53
82
62
0
80.3779
70
37
9
99
26
21
38
42
24
44
0
8.0254
8
71
85
48
94
89
30
11
34
53
6
0
80.8771
54
43
8
42
8
17
41
44
82
0
44.3053
45
96
6
51
42
6
57
42
54
0
38.4329
32
65
73
1
82
92
82
43
72
0
82.7048
8
63
35
23
63
96
3
100
90
0
12.7657
46
28
66
2
3
85
58
41
83
76
0
36.0815
86
65
69
67
24
28
91
72
54
0
45.6504
80
89
6
96
76
52
1
54
78
0
21.3651
10
54
89
16
3
76
32
99
11
89
67
0
56.3467
29
8
25
50
44
27
21
61
72
9
54
0
33.4919
21
79
78
69
15
11
70
84
0
29.1373
42
31
80
43
9
13
40
41
34
83
0
0.85772
98
7
78
20
65
29
90
38
100
48
0
64.4253
39
34
84
41
52
16
16
95
67
66
67
0
24.5395
42
20
19
63
93
52
99
32
47
0
93.1841
62
92
1
53
71
40
43
17
63
43
76
0
65.8031
86
50
51
50
63
6
70
1
10
0
69.8323
7
11
81
84
93
92
80
11
45
60
21
0
